Seats,CRN,SUBJ,CRSE,TITLE,CR HRS,XLST CAP,ENR,LINK,XLST GROUP,SCHED TYPE,,CAMPUS,INSM,PRINT?,TIME,DAYS,BLDG,ROOM,OVERRIDE,INSTRUCTOR,,OVERALL CAP,OVERALL ENR,,,PTRM START,PTRM END,WL CAP,WL,WL REMAIN,NOTES,COMMENTS,COLL
"0","19860","CS","115","INTRO TO CS WITH PYTHON","1","20","20","","","A","","A","TRAD","Y","1000-1050AM","F","DRGS","2112","","POURSARDAR,FARYANEH","","","20","1","CLAS","26-AUG-23","08-DEC-23","20","1","19"
"23","20182","CS","115","INTRO TO CS WITH PYTHON","1","25","2","","","A","","A","TRAD","N","1100-1150AM","F","DRGS","2112","","POURSARDAR,FARYANEH","LC","","2","1","CLAS","26-AUG-23","08-DEC-23","0","0","0"
"0","20960","CS","115","INTRO TO CS WITH PYTHON","1","10","10","","SC222","A","I","B","SYNC","Y"," 100- 150PM","F","WC2","","O","POLAWAR,NISHA","","30","25","1","SYNC","26-AUG-23","08-DEC-23","20","1","19"
"5","20961","CS","115","INTRO TO CS WITH PYTHON","1","30","13","","SC222","A","I","E","SYNC","Y"," 100- 150PM","F","WC5","","O","POLAWAR,NISHA","","30","25","1","SYNC","26-AUG-23","08-DEC-23","20","0","20"
"5","20962","CS","115","INTRO TO CS WITH PYTHON","1","30","2","","SC222","A","I","H","SYNC","Y"," 100- 150PM","F","WC7","","O","POLAWAR,NISHA","","30","25","1","SYNC","26-AUG-23","08-DEC-23","20","0","20"
"3","21981","CS","115","INTRO TO CS WITH PYTHON","1","3","0","","SC191","A","I","B","SYNC","N","1200-1250PM","F","WC2","","O","STAFF","","30","0","1","SYNC","26-AUG-23","08-DEC-23","20","0","20"
"20","21982","CS","115","INTRO TO CS WITH PYTHON","1","20","0","","SC191","A","I","E","SYNC","N","1200-1250PM","F","WC5","","O","STAFF","","30","0","1","SYNC","26-AUG-23","08-DEC-23","20","0","20"
"10","21983","CS","115","INTRO TO CS WITH PYTHON","1","10","0","","SC191","A","I","H","SYNC","N","1200-1250PM","F","WC7","","O","STAFF","","30","0","1","SYNC","26-AUG-23","08-DEC-23","20","0","20"
"45","11360","CS","120G","INTRO INFO LITERACY & RESEARCH","3","50","5","P2","","30","","A","TRAD","Y"," 420- 535PM","MW","OCNPS","0100","","GUPTA,REKHA","","","5","1","CLAS","26-AUG-23","08-DEC-23","0","0","0"
"24","11362","CS","120G","INTRO INFORMATION LIT RECITATI","0","25","1","P3","","C","","A","TRAD","Y"," 520- 610PM","T","DRGS","1105","","GUPTA,REKHA","","","1","1","CLAS","26-AUG-23","08-DEC-23","0","0","0"
"21","11500","CS","120G","INTRO INFORMATION LIT RECITATI","0","25","4","P3","","C","","A","TRAD","Y"," 420- 510PM","T","DRGS","1105","","GUPTA,REKHA","","","4","1","CLAS","26-AUG-23","08-DEC-23","0","0","0"
"1","12788","CS","120G","INTRO INFO LITERACY & RSCH","3","4","3","J2","SC093","30","I","B","ASYN","Y","HOURS ARR","","WEB2","","","STAFF","","40","6","1","ASYN","26-AUG-23","08-DEC-23","20","0","20"
"34","12791","CS","120G","INTRO INFO LITERACY & RSCH","3","40","3","K2","SC093","30","I","E","ASYN","Y","HOURS ARR","","WEB5","","","STAFF","","40","6","1","ASYN","26-AUG-23","08-DEC-23","20","0","20"
"34","12792","CS","120G","INTRO INFO LITERACY & RSCH","3","40","0","L2","SC093","30","I","H","ASYN","Y","HOURS ARR","","WEB7","","","STAFF","","40","6","1","ASYN","26-AUG-23","08-DEC-23","20","0","20"
"0","12793","CS","120G","INTRO INFO LIT & RSCH REC","0","2","2","J3","SC090","C","I","B","SYNC","Y"," 710- 800PM","T","WC2","","","ZEHRA,SUSAN","","20","4","1","SYNC","26-AUG-23","08-DEC-23","20","0","20"
"16","12794","CS","120G","INTRO INFO LIT & RSCH REC","0","20","2","K3","SC090","C","I","E","SYNC","Y"," 710- 800PM","T","WC5","","O","ZEHRA,SUSAN","","20","4","1","SYNC","26-AUG-23","08-DEC-23","20","0","20"
"16","12795","CS","120G","INTRO INFO LIT & RSCH REC","0","20","0","L3","SC090","C","I","H","SYNC","Y"," 710- 800PM","T","WC7","","O","GUPTA,REKHA","","20","4","1","SYNC","26-AUG-23","08-DEC-23","20","0","20"
"2","12796","CS","120G","INTRO INFO LIT & RSCH REC","0","3","1","J3","SC037","C","I","B","SYNC","Y"," 710- 800PM","W","WC2","","","ZEHRA,SUSAN","","25","2","1","SYNC","26-AUG-23","08-DEC-23","20","0","20"
"19","12797","CS","120G","INTRO INFO LIT & RSCH REC","0","20","1","K3","SC037","C","I","E","SYNC","Y"," 710- 800PM","W","WC5","","O","ZEHRA,SUSAN","","25","2","1","SYNC","26-AUG-23","08-DEC-23","20","0","20"
"20","12798","CS","120G","INTRO INFO LIT & RSCH REC","0","20","0","L3","SC037","C","I","H","SYNC","Y"," 710- 800PM","W","WC7","","O","ZEHRA,SUSAN","","25","2","1","SYNC","26-AUG-23","08-DEC-23","20","0","20"
"21","11363","CS","121G","INTRO INFO LIT & RSCH FOR SCI","3","40","19","Q2","","30","","A","TRAD","Y"," 710- 825PM","MW","DRGS","1117","","SYMPSON,WILLIAM","","","19","1","CLAS","26-AUG-23","08-DEC-23","0","0","0"
"8","11378","CS","121G","INTRO INFO LIT-SCI RECITATION","0","25","17","Q3","","C","","A","TRAD","Y"," 710- 800PM","R","DRGS","1105","","SYMPSON,WILLIAM","","","17","1","CLAS","26-AUG-23","08-DEC-23","0","0","0"
"23","11379","CS","121G","INTRO INFO LIT-SCI RECITATION","0","25","2","Q3","","C","","A","TRAD","Y"," 830- 920AM","R","DRGS","1105","","SYMPSON,WILLIAM","","","2","1","CLAS","26-AUG-23","08-DEC-23","0","0","0"
"2","11508","CS","121G","INTRO INFO LIT & RSCH FOR SCI","3","40","38","R2","","30","","A","TRAD","Y"," 545- 700PM","MW","DRGS","1117","","SYMPSON,WILLIAM","","","38","1","CLAS","26-AUG-23","08-DEC-23","0","0","0"
"0","11509","CS","121G","INTRO INFO LIT-SCI RECITATION","0","25","25","R3","","C","","A","TRAD","Y"," 100- 150PM","F","DRGS","1105","","SYMPSON,WILLIAM","","","25","1","CLAS","26-AUG-23","08-DEC-23","0","0","0"
"12","11510","CS","121G","INTRO INFO LIT-SCI RECITATION","0","25","13","R3","","C","","A","TRAD","Y"," 200- 250PM","F","DRGS","1105","","SYMPSON,WILLIAM","","","13","1","CLAS","26-AUG-23","08-DEC-23","0","0","0"
"4","12816","CS","121G","INTRO INFO LIT & RSCH SCI","3","20","16","F2","SC108","30","I","B","ASYN","Y","HOURS ARR","","WEB2","","","GUPTA,REKHA","","40","21","1","ASYN","26-AUG-23","08-DEC-23","20","0","20"
"19","12820","CS","121G","INTRO INFO LIT & RSCH SCI","3","40","3","G2","SC108","30","I","E","ASYN","Y","HOURS ARR","","WEB5","","","GUPTA,REKHA","","40","21","1","ASYN","26-AUG-23","08-DEC-23","20","0","20"
"19","12822","CS","121G","INTRO INFO LIT & RSCH SCI","3","40","2","H2","SC108","30","I","H","ASYN","Y","HOURS ARR","","WEB7","","","GUPTA,REKHA","","40","21","1","ASYN","26-AUG-23","08-DEC-23","20","0","20"
"1","12825","CS","121G","INTRO INFO LIT & RSCH REC","0","2","1","F3","SC109","C","I","B","SYNC","Y"," 710- 800PM","T","WC2","","","GUPTA,REKHA","","20","5","1","SYNC","26-AUG-23","08-DEC-23","20","0","20"
"15","12827","CS","121G","INTRO INFO LIT & RSCH REC","0","20","3","G3","SC109","C","I","E","SYNC","Y"," 710- 800PM","T","WC5","","O","GUPTA,REKHA","","20","5","1","SYNC","26-AUG-23","08-DEC-23","20","0","20"
"15","12829","CS","121G","INTRO INFO LIT & RSCH REC","0","20","1","H3","SC109","C","I","H","SYNC","Y"," 710- 800PM","T","WC7","","O","GUPTA,REKHA","","20","5","1","SYNC","26-AUG-23","08-DEC-23","20","0","20"
"0","12834","CS","121G","INTRO INFO LIT & RSCH REC","0","15","15","F3","SC047","C","I","B","SYNC","Y"," 710- 800PM","R","WC2","","","GUPTA,REKHA","","25","16","1","SYNC","26-AUG-23","08-DEC-23","20","0","20"
"9","12835","CS","121G","INTRO INFO LIT & RSCH REC","0","20","0","G3","SC047","C","I","E","SYNC","Y"," 710- 800PM","R","WC5","","O","GUPTA,REKHA","","25","16","1","SYNC","26-AUG-23","08-DEC-23","20","0","20"
"9","12836","CS","121G","INTRO INFO LIT & RSCH REC","0","20","1","H3","SC047","C","I","H","SYNC","Y"," 710- 800PM","R","WC7","","O","GUPTA,REKHA","","25","16","1","SYNC","26-AUG-23","08-DEC-23","20","0","20"
"7","12908","CS","121G","INTRO INFO LIT & RSCH SCI","3","20","13","J2","SC110","30","I","B","ASYN","Y","HOURS ARR","","WEB2","","","GUPTA,AJAY","","40","14","1","ASYN","26-AUG-23","08-DEC-23","20","0","20"
"26","12909","CS","121G","INTRO INFO LIT & RSCH SCI","3","40","0","K2","SC110","30","I","E","ASYN","Y","HOURS ARR","","WEB5","","","GUPTA,AJAY","","40","14","1","ASYN","26-AUG-23","08-DEC-23","20","0","20"
"26","12910","CS","121G","INTRO INFO LIT & RSCH SCI","3","40","1","L2","SC110","30","I","H","ASYN","Y","HOURS ARR","","WEB7","","","GUPTA,AJAY","","40","14","1","ASYN","26-AUG-23","08-DEC-23","20","0","20"
"3","12911","CS","121G","INTRO INFO LIT & RSCH REC","0","10","7","J3","SC111","C","I","B","SYNC","Y"," 545- 635PM","T","WC2","","","GUPTA,AJAY","","25","7","1","SYNC","26-AUG-23","08-DEC-23","20","0","20"
"18","12912","CS","121G","INTRO INFO LIT & RSCH REC","0","20","0","K3","SC111","C","I","E","SYNC","Y"," 545- 635PM","T","WC5","","O","GUPTA,AJAY","","25","7","1","SYNC","26-AUG-23","08-DEC-23","20","0","20"
"18","12913","CS","121G","INTRO INFO LIT & RSCH REC","0","20","0","L3","SC111","C","I","H","SYNC","Y"," 545- 635PM","T","WC7","","O","GUPTA,AJAY","","25","7","1","SYNC","26-AUG-23","08-DEC-23","20","0","20"
"4","12914","CS","121G","INTRO INFO LIT & RSCH REC","0","10","6","J3","SC056","C","I","B","SYNC","Y"," 545- 635PM","R","WC2","","","GUPTA,AJAY","","25","7","1","SYNC","26-AUG-23","08-DEC-23","20","0","20"
"18","12915","CS","121G","INTRO INFO LIT & RSCH REC","0","20","0","K3","SC056","C","I","E","SYNC","Y"," 545- 635PM","R","WC5","","O","GUPTA,AJAY","","25","7","1","SYNC","26-AUG-23","08-DEC-23","20","0","20"
"18","12916","CS","121G","INTRO INFO LIT & RSCH REC","0","20","1","L3","SC056","C","I","H","SYNC","Y"," 545- 635PM","R","WC7","","O","GUPTA,AJAY","","25","7","1","SYNC","26-AUG-23","08-DEC-23","20","0","20"
"10","22780","CS","121G","INTRO INFO LIT & RSCH FOR SCI","3","30","20","","","30","","A","LLAB","Y"," 420- 535PM","MW","ECSB","3104","","GUPTA,AJAY","","","20","1","CLAS","26-AUG-23","08-DEC-23","20","0","20"
"0","14689","CS","129","TCCK-PBLM SOLVING & PRGMNG I","4","0","0","","","A","","C","","N","HOURS ARR","","","","","STAFF","","","0","5","","","","0","0","0"
"0","16958","CS","129","VPCC-INTRO TO COMPUTER SCIENCE","3","0","0","","","A","","C","","N","HOURS ARR","","","","","STAFF","","","0","5","","","","0","0","0"
"0","17866","CS","129","TCCV-C++ PROGRAMMING I","4","0","0","","","A","","C","","N","HOURS ARR","","","","","STAFF","","","0","5","","","","0","0","0"
"25","22774","CS","151","INTRO PROGRAMMING WITH JAVA","4","50","25","A1","","A","","A","TRAD","Y"," 930-1045AM","TR","DRGS","1117","","IBRAHIM,SOAD","","","25","1","CLAS","26-AUG-23","08-DEC-23","0","0","0"
"19","22775","CS","151","INTRO PROGRAMMING WITH JAVA","0","38","19","A2","","B","","A","TRAD","Y"," 300- 530PM","W","DRGS","2112","","IBRAHIM,SOAD","","","19","1","CLAS","26-AUG-23","08-DEC-23","0","0","0"
"32","22776","CS","151","INTRO PROGRAMMING WITH JAVA","0","38","6","A2","","B","","A","TRAD","Y"," 545- 815PM","W","DRGS","2112","","IBRAHIM,SOAD","","","6","1","CLAS","26-AUG-23","08-DEC-23","0","0","0"
"38","22777","CS","151","INTRO PROGRAMMING WITH JAVA","0","38","0","A2","","B","","A","TRAD","N"," 300- 530PM","T","DRGS","2112","","IBRAHIM,SOAD","","","0","1","CLAS","26-AUG-23","08-DEC-23","0","0","0"
"18","22778","CS","151","INTRO PROGRAMMING WITH JAVA","0","38","20","A3","","C","","A","TRAD","Y"," 100- 150PM","M","DRGS","2112","","IBRAHIM,SOAD","","","20","1","CLAS","26-AUG-23","08-DEC-23","0","0","0"
"33","22779","CS","151","INTRO PROGRAMMING WITH JAVA","0","38","5","A3","","C","","A","TRAD","Y"," 200- 250PM","M","DRGS","2112","","IBRAHIM,SOAD","","","5","1","CLAS","26-AUG-23","08-DEC-23","0","0","0"
"0","22956","CS","151","INTRO PROGRAMMING WITH JAVA","4","5","5","E1","SC013","A","I","B","SYNC","Y"," 100- 215PM","TR","WC2","","O","IBRAHIM,SOAD","","50","18","1","SYNC","26-AUG-23","08-DEC-23","0","0","0"
"32","22957","CS","151","INTRO PROGRAMMING WITH JAVA","4","50","8","F1","SC013","A","I","E","SYNC","Y"," 100- 215PM","TR","WC5","","O","IBRAHIM,SOAD","","50","18","1","SYNC","26-AUG-23","08-DEC-23","0","0","0"
"32","22958","CS","151","INTRO PROGRAMMING WITH JAVA","4","50","5","G1","SC013","A","I","H","SYNC","Y"," 100- 215PM","TR","WC7","","O","IBRAHIM,SOAD","","50","18","1","SYNC","26-AUG-23","08-DEC-23","0","0","0"
"0","22959","CS","151","INTRO PROGRAMMING WITH JAVA","4","5","5","E1","SC114","A","I","B","SYNC","Y"," 300- 415PM","TR","WC2","","O","HOSNI,SARAH","","50","8","1","SYNC","26-AUG-23","08-DEC-23","0","0","0"
"42","22960","CS","151","INTRO PROGRAMMING WITH JAVA","4","50","2","F1","SC114","A","I","E","SYNC","Y"," 300- 415PM","TR","WC5","","O","HOSNI,SARAH","","50","8","1","SYNC","26-AUG-23","08-DEC-23","0","0","0"
"29","22961","CS","151","INTRO PROGRAMMING WITH JAVA","4","30","1","G1","SC114","A","I","H","SYNC","Y"," 300- 415PM","TR","WC7","","O","HOSNI,SARAH","","50","8","1","SYNC","26-AUG-23","08-DEC-23","0","0","0"
"3","22962","CS","151","INTRO PROGRAMMING WITH JAVA","0","4","1","E2","SC021","B","I","B","SYNC","Y"," 710- 950PM","M","WC2","","O","IBRAHIM,SOAD","","35","3","1","SYNC","26-AUG-23","08-DEC-23","20","0","20"
"32","22963","CS","151","INTRO PROGRAMMING WITH JAVA","0","35","0","F2","SC021","B","I","E","SYNC","Y"," 710- 950PM","M","WC5","","O","IBRAHIM,SOAD","","35","3","1","SYNC","26-AUG-23","08-DEC-23","20","0","20"
"32","22964","CS","151","INTRO PROGRAMMING WITH JAVA","0","35","2","G2","SC021","B","I","H","SYNC","Y"," 710- 950PM","M","WC7","","O","IBRAHIM,SOAD","","35","3","1","SYNC","26-AUG-23","08-DEC-23","20","0","20"
"0","22965","CS","151","INTRO PROGRAMMING WITH JAVA","0","4","4","E2","SC112","B","I","B","SYNC","Y"," 420- 700PM","W","WC2","","O","IBRAHIM,SOAD","","35","10","1","SYNC","26-AUG-23","08-DEC-23","20","0","20"
"25","22966","CS","151","INTRO PROGRAMMING WITH JAVA","0","35","6","F2","SC112","B","I","E","SYNC","Y"," 420- 700PM","W","WC5","","O","IBRAHIM,SOAD","","35","10","1","SYNC","26-AUG-23","08-DEC-23","20","0","20"
"25","22967","CS","151","INTRO PROGRAMMING WITH JAVA","0","35","0","F2","SC112","B","I","H","SYNC","Y"," 420- 700PM","W","WC7","","O","IBRAHIM,SOAD","","35","10","1","SYNC","26-AUG-23","08-DEC-23","20","0","20"
"15","22968","CS","151","INTRO PROGRAMMING WITH JAVA","0","20","5","E2","SC154","B","I","B","SYNC","Y"," 200- 430PM","F","WC2","","","IBRAHIM,SOAD","","35","13","1","SYNC","26-AUG-23","08-DEC-23","20","0","20"
"22","22969","CS","151","INTRO PROGRAMMING WITH JAVA","0","35","4","F2","SC154","B","I","E","SYNC","Y"," 200- 430PM","F","WC5","","O","IBRAHIM,SOAD","","35","13","1","SYNC","26-AUG-23","08-DEC-23","20","0","20"
"22","22970","CS","151","INTRO PROGRAMMING WITH JAVA","0","35","4","G2","SC154","B","I","H","SYNC","Y"," 200- 430PM","F","WC7","","O","IBRAHIM,SOAD","","35","13","1","SYNC","26-AUG-23","08-DEC-23","20","0","20"
"2","22971","CS","151","INTRO PROGRAMMING WITH JAVA","0","4","2","E3","SC022","C","I","B","SYNC","Y"," 610- 700PM","T","WC2","","O","IBRAHIM,SOAD","","35","8","1","SYNC","26-AUG-23","08-DEC-23","20","0","20"
"27","22972","CS","151","INTRO PROGRAMMING WITH JAVA","0","35","6","F3","SC022","C","I","E","SYNC","Y"," 610- 700PM","T","WC5","","O","IBRAHIM,SOAD","","35","8","1","SYNC","26-AUG-23","08-DEC-23","20","0","20"
"27","22973","CS","151","INTRO PROGRAMMING WITH JAVA","0","35","0","G3","SC022","C","I","H","SYNC","Y"," 610- 700PM","T","WC7","","O","IBRAHIM,SOAD","","35","8","1","SYNC","26-AUG-23","08-DEC-23","20","0","20"
"1","22974","CS","151","INTRO PROGRAMMING WITH JAVA","0","4","3","E3","SC113","C","I","B","SYNC","Y"," 710- 800PM","W","WC2","","O","IBRAHIM,SOAD","","35","3","1","SYNC","26-AUG-23","08-DEC-23","20","0","20"
"32","22975","CS","151","INTRO PROGRAMMING WITH JAVA","0","35","0","G3","SC113","C","I","E","SYNC","Y"," 710- 800PM","W","WC5","","O","IBRAHIM,SOAD","","35","3","1","SYNC","26-AUG-23","08-DEC-23","20","0","20"
"32","22976","CS","151","INTRO PROGRAMMING WITH JAVA","0","35","0","G3","SC113","C","I","H","SYNC","Y"," 710- 800PM","W","WC7","","O","IBRAHIM,SOAD","","35","3","1","SYNC","26-AUG-23","08-DEC-23","20","0","20"
"15","22977","CS","151","INTRO PROGRAMMING WITH JAVA","0","20","5","E3","SC153","C","I","B","SYNC","Y","1100-1150AM","M","WC2","","O","IBRAHIM,SOAD","","35","15","1","SYNC","26-AUG-23","08-DEC-23","20","0","20"
"20","22978","CS","151","INTRO PROGRAMMING WITH JAVA","0","35","4","F3","SC153","C","I","E","SYNC","Y","1100-1150AM","M","WC5","","O","IBRAHIM,SOAD","","35","15","1","SYNC","26-AUG-23","08-DEC-23","20","0","20"
"20","22979","CS","151","INTRO PROGRAMMING WITH JAVA","0","35","6","G3","SC153","C","I","H","SYNC","Y","1100-1150AM","M","WC7","","O","IBRAHIM,SOAD","","35","15","1","SYNC","26-AUG-23","08-DEC-23","20","0","20"
"25","23083","CS","153","INTRO PROGRAMMING WITH PYTHON","4","43","18","A1","","A","","A","TRAD","Y","1100-1215PM","TR","CONST","2003","","HOSNI,SARAH","","","18","1","CLAS","26-AUG-23","08-DEC-23","0","0","0"
"30","23085","CS","153","INTRO PYTHON LAB","0","38","8","A2","","B","","A","LAB","Y"," 900-1130AM","W","DRGS","2112","","HOSNI,SARAH","","","8","1","CLAS","26-AUG-23","08-DEC-23","0","0","0"
"28","23087","CS","153","INTRO PYTHON LAB","0","38","10","A2","","B","","A","LAB","Y","1200- 230PM","W","DRGS","2112","","HOSNI,SARAH","","","10","1","CLAS","26-AUG-23","08-DEC-23","0","0","0"
"33","23088","CS","153","INTRO PYTHON REC","0","38","5","A3","","C","","A","REC","Y","1000-1050AM","M","DRGS","2112","","HOSNI,SARAH","","","5","1","CLAS","26-AUG-23","08-DEC-23","0","0","0"
"25","23089","CS","153","INTRO PYTHON REC","0","38","13","A3","","C","","A","REC","Y","1100-1150AM","M","DRGS","2112","","HOSNI,SARAH","","","13","1","CLAS","26-AUG-23","08-DEC-23","0","0","0"
"25","13171","CS","170","INTRO COMPUTER ARCHITECTURE I","3","50","25","","","A","","A","TRAD","Y"," 300- 415PM","MW","OCNPS","0200","","POLAWAR,NISHA","","","25","1","CLAS","26-AUG-23","08-DEC-23","20","0","20"
"0","19290","CS","170","INTRO COMPUTER ARCHITECTURE I","3","25","25","","SC166","A","I","B","ASYN","Y","HOURS ARR","","WEB2","","","IBRAHIM,SOAD","","60","42","1","ASYN","26-AUG-23","08-DEC-23","20","2","18"
"18","19291","CS","170","INTRO COMPUTER ARCHITECTURE I","3","40","14","","SC166","A","I","E","ASYN","Y","HOURS ARR","","WEB5","","","IBRAHIM,SOAD","","60","42","1","ASYN","26-AUG-23","08-DEC-23","20","0","20"
"18","19292","CS","170","INTRO COMPUTER ARCHITECTURE I","3","40","3","","SC166","A","I","H","ASYN","Y","HOURS ARR","","WEB7","","","IBRAHIM,SOAD","","60","42","1","ASYN","26-AUG-23","08-DEC-23","20","0","20"
"0","19996","CS","202G","INFORMATION LITERACY FOR CYBER","3","21","21","","","A","I","B","ASYN","Y","HOURS ARR","","WEB2","","","KOUTSARES,ALEXANDER","","35","21","1","ASYN","26-AUG-23","08-DEC-23","20","1","19"
"3","19998","CS","202G","INFORMATION LITERACY FOR CYBER","3","5","2","","AL055","A","I","H","ASYN","Y","HOURS ARR","","WEB7","","","KOUTSARES,ALEXANDER","","35","11","1","ASYN","26-AUG-23","08-DEC-23","20","0","20"
"16","23645","CS","202G","INFORMATION LITERACY FOR CYBER","3","25","9","","AL055","A","I","E","ASYN","Y","HOURS ARR","","WEB5","","","KOUTSARES,ALEXANDER","","35","11","1","ASYN","26-AUG-23","08-DEC-23","20","0","20"
"1","17958","CS","229","VPCC-PROBLEM SOLVING &PRGM","4","1","0","","","A","","C","","N","HOURS ARR","","","","","STAFF","","","0","5","","","","0","0","0"
"0","10205","CS","250","PROBLEM SOLVNG & PRGMNG II LAB","0","30","30","B2","","B","","A","TRAD","Y"," 420- 650PM","R","DRGS","2112","","POLAWAR,NISHA","","","30","1","CLAS","26-AUG-23","08-DEC-23","0","0","0"
"0","11204","CS","250","PROB SOLVING & PROGRMNG II REC","0","30","30","B3","","C","","A","TRAD","Y"," 440- 530PM","M","DRGS","2112","","POLAWAR,NISHA","","","30","1","CLAS","26-AUG-23","08-DEC-23","0","0","0"
"-1","11672","CS","250","PROGRAMMING WITH C++","4","50","51","B1","","A","","A","TRAD","Y"," 130- 245PM","TR","KAUF","0100","","POLAWAR,NISHA","","","51","1","CLAS","26-AUG-23","08-DEC-23","0","0","0"
"-1","11809","CS","250","PROB SOLVING & PROGRMNG II REC","0","30","31","B3","","C","","A","TRAD","Y","1200-1250PM","M","DRGS","2112","","POLAWAR,NISHA","","","31","1","CLAS","26-AUG-23","08-DEC-23","0","0","0"
"-1","11810","CS","250","PROBLEM SOLVNG & PRGMNG II LAB","0","30","31","B2","","B","","A","TRAD","Y"," 130- 410PM","F","DRGS","2112","","POLAWAR,NISHA","","","31","1","CLAS","26-AUG-23","08-DEC-23","0","0","0"
"1","15177","CS","250","PROGRAMMING WITH C++","4","15","13","A1","SC035","A","I","B","ASYN","Y","HOURS ARR","","WEB2","","","EL MESALAMI,AYMAN","","50","49","1","ASYN","26-AUG-23","08-DEC-23","0","0","0"
"1","15178","CS","250","PROGRAMMING WITH C++","4","50","26","E1","SC035","A","I","E","ASYN","Y","HOURS ARR","","WEB5","","","EL MESALAMI,AYMAN","","50","49","1","ASYN","26-AUG-23","08-DEC-23","0","0","0"
"1","15179","CS","250","PROGRAMMING WITH C++","4","50","10","F1","SC035","A","I","H","ASYN","Y","HOURS ARR","","WEB7","","","EL MESALAMI,AYMAN","","50","49","1","ASYN","26-AUG-23","08-DEC-23","0","0","0"
"1","15180","CS","250","PROBLEM SOLVING & PRGMG II LAB","0","35","25","E2","SC039","B","I","E","SYNC","Y"," 710- 950PM","W","WC5","","O","EL MESALAMI,AYMAN","","35","34","1","SYNC","26-AUG-23","08-DEC-23","20","2","18"
"1","15181","CS","250","PROBLEM SOLVING & PRGMG II LAB","0","35","3","F2","SC039","B","I","H","SYNC","Y"," 710- 950PM","W","WC7","","O","EL MESALAMI,AYMAN","","35","34","1","SYNC","26-AUG-23","08-DEC-23","20","0","20"
"14","15182","CS","250","PROBLEM SOLVING & PRGMG II REC","0","35","9","E3","SC046","C","I","E","SYNC","Y"," 710- 800PM","F","WC5","","O","EL MESALAMI,AYMAN","","35","21","1","SYNC","26-AUG-23","08-DEC-23","20","0","20"
"14","15183","CS","250","PROBLEM SOLVING & PRGMG II REC","0","35","5","F3","SC046","C","I","H","SYNC","Y"," 710- 800PM","F","WC7","","O","EL MESALAMI,AYMAN","","35","21","1","SYNC","26-AUG-23","08-DEC-23","20","0","20"
"1","16222","CS","250","PROBLEM SOLVING & PRGMG II LAB","0","20","6","A2","SC039","B","I","B","SYNC","Y"," 710- 950PM","W","WC2","","O","EL MESALAMI,AYMAN","","35","34","1","SYNC","26-AUG-23","08-DEC-23","20","0","20"
"13","16224","CS","250","PROBLEM SOLVING & PRGMG II REC","0","20","7","A3","SC046","C","I","B","SYNC","Y"," 710- 800PM","F","WC2","","O","EL MESALAMI,AYMAN","","35","21","1","SYNC","26-AUG-23","08-DEC-23","20","0","20"
"7","16226","CS","250","PROBLEM SOLVING & PRGMG II REC","0","35","17","E3","SC115","C","I","E","SYNC","Y"," 610- 700PM","R","WC5","","","EL MESALAMI,AYMAN","","35","28","1","SYNC","26-AUG-23","08-DEC-23","20","0","20"
"7","16227","CS","250","PROBLEM SOLVING & PRGMG II REC","0","35","5","F3","SC115","C","I","H","SYNC","Y"," 610- 700PM","R","WC7","","O","EL MESALAMI,AYMAN","","35","28","1","SYNC","26-AUG-23","08-DEC-23","20","0","20"
"7","16228","CS","250","PROBLEM SOLVING & PRGMG II REC","0","20","6","A3","SC115","C","I","B","SYNC","Y"," 610- 700PM","R","WC2","","O","EL MESALAMI,AYMAN","","35","28","1","SYNC","26-AUG-23","08-DEC-23","20","0","20"
"28","18274","CS","250","PROGRAMMING WITH C++","4","42","14","B1","","A","","A","TRAD","Y"," 930-1045AM","TR","MGB","0128","","EL MESALAMI,AYMAN","","","14","1","CLAS","26-AUG-23","08-DEC-23","0","0","0"
"20","18278","CS","250","PROB SOL & PROG II LAB","0","35","1","E2","SC008","B","I","E","SYNC","Y"," 710- 950PM","R","WC5","","O","EL MESALAMI,AYMAN","","35","15","1","SYNC","26-AUG-23","08-DEC-23","20","0","20"
"20","18285","CS","250","PROB SOL & PROGR II LAB","0","35","7","F2","SC008","B","I","H","SYNC","Y"," 710- 950PM","R","WC7","","O","EL MESALAMI,AYMAN","","35","15","1","SYNC","26-AUG-23","08-DEC-23","20","0","20"
"13","18286","CS","250","PROBLEM SOLVING & PRGMG II LAB","0","20","7","A2","SC008","B","I","B","SYNC","Y"," 710- 950PM","R","WC2","","O","EL MESALAMI,AYMAN","","35","15","1","SYNC","26-AUG-23","08-DEC-23","20","0","20"
"26","23989","CS","250","PROBLEM SOLVNG & PRGMNG II LAB","0","30","4","B2","","B","","A","TRAD","Y"," 700- 930PM","R","DRGS","2112","","STAFF","","","4","1","CLAS","26-AUG-23","08-DEC-23","0","0","0"
"26","23990","CS","250","PROB SOLVING & PROGRMNG II REC","0","30","4","B3","","C","","A","TRAD","Y"," 300- 350PM","M","DRGS","2112","","STAFF","","","4","1","CLAS","26-AUG-23","08-DEC-23","0","0","0"
"65","12938","CS","252","INTRO TO UNIX FOR PROGRAMMERS","1","144","79","","SC045","A","I","B","ASYN","Y","HOURS ARR","","WEB2","","","ZEIL,STEVEN","","240","117","1","ASYN","26-AUG-23","08-DEC-23","20","0","20"
"123","12939","CS","252","INTRO TO UNIX FOR PROGRAMMERS","1","240","31","","SC045","A","I","E","ASYN","Y","HOURS ARR","","WEB5","","","ZEIL,STEVEN","","240","117","1","ASYN","26-AUG-23","08-DEC-23","20","0","20"
"123","12940","CS","252","INTRO TO UNIX FOR PROGRAMMERS","1","240","7","","SC045","A","I","H","ASYN","Y","HOURS ARR","","WEB7","","","ZEIL,STEVEN","","240","117","1","ASYN","26-AUG-23","08-DEC-23","20","0","20"
"28","22950","CS","261","JAVA FOR PROGRAMMERS","1","30","2","","SC084","A","I","B","ASYN","Y","HOURS ARR","","WEB2","","","ZEIL,STEVEN","","50","3","1","ASYN","26-AUG-23","08-DEC-23","20","0","20"
"47","22951","CS","261","JAVA FOR PROGRAMMERS","1","50","1","","SC084","A","I","E","ASYN","Y","HOURS ARR","","WEB5","","","ZEIL,STEVEN","","50","3","1","ASYN","26-AUG-23","08-DEC-23","20","0","20"
"47","22952","CS","261","JAVA FOR PROGRAMMERS","1","50","0","","SC084","A","I","H","ASYN","Y","HOURS ARR","","WEB7","","","ZEIL,STEVEN","","50","3","1","ASYN","26-AUG-23","08-DEC-23","20","0","20"
"43","11205","CS","270","INTRO COMPUTER ARCHITECTURE II","3","60","17","","","A","","A","TRAD","Y"," 900- 950AM","MWF","DRGS","1117","","DECKER,LLOYD","","","17","1","CLAS","26-AUG-23","08-DEC-23","20","0","20"
"0","21006","CS","270","INTRO COMPUTER ARCHITECTURE II","3","15","15","","SC246","A","I","B","ASYN","Y","HOURS ARR","","WEB2","","","ZEHRA,SUSAN","","50","41","1","ASYN","26-AUG-23","08-DEC-23","20","0","20"
"9","21007","CS","270","INTRO COMPUTER ARCHITECTURE II","3","40","20","","SC246","A","I","E","ASYN","Y","HOURS ARR","","WEB5","","","ZEHRA,SUSAN","","50","41","1","ASYN","26-AUG-23","08-DEC-23","20","0","20"
"9","21008","CS","270","INTRO COMPUTER ARCHITECTURE II","3","40","6","","SC246","A","I","H","ASYN","Y","HOURS ARR","","WEB7","","","ZEHRA,SUSAN","","50","41","1","ASYN","26-AUG-23","08-DEC-23","20","0","20"
"0","22996","CS","295","TPCS: DIGITAL IMAGE PROC","3","15","15","","SC258","A","I","B","ASYN","Y","HOURS ARR","","WEB2","","","IBRAHIM,SOAD","","25","25","1","ASYN","26-AUG-23","08-DEC-23","20","1","19"
"0","22997","CS","295","TPCS: DIGITAL IMAGE PROC","3","25","10","","SC258","A","I","E","ASYN","Y","HOURS ARR","","WEB5","","","IBRAHIM,SOAD","","25","25","1","ASYN","26-AUG-23","08-DEC-23","20","0","20"
"0","22998","CS","295","TPCS: DIGITAL IMAGE PROC","3","25","0","","SC258","A","I","H","ASYN","Y","HOURS ARR","","WEB7","","","IBRAHIM,SOAD","","25","25","1","ASYN","26-AUG-23","08-DEC-23","20","0","20"
"0","12944","CS","300T","COMPUTERS IN SOCIETY","3","30","30","","SC026","A","I","B","ASYN","Y","HOURS ARR","","WEB2","","","GUPTA,REKHA","","40","40","1","ASYN","26-AUG-23","08-DEC-23","20","0","20"
"0","12945","CS","300T","COMPUTERS IN SOCIETY","3","40","8","","SC026","A","I","E","ASYN","Y","HOURS ARR","","WEB5","","","GUPTA,REKHA","","40","40","1","ASYN","26-AUG-23","08-DEC-23","20","0","20"
"0","12946","CS","300T","COMPUTERS IN SOCIETY","3","20","2","","SC026","A","I","H","ASYN","Y","HOURS ARR","","WEB7","","","GUPTA,REKHA","","40","40","1","ASYN","26-AUG-23","08-DEC-23","20","0","20"
"15","12949","CS","300T","COMPUTERS IN SOCIETY","3","24","9","","SC030","A","I","B","ASYN","Y","HOURS ARR","","WEB2","","","GUPTA,REKHA","","40","12","1","ASYN","26-AUG-23","08-DEC-23","20","0","20"
"28","12950","CS","300T","COMPUTERS IN SOCIETY","3","40","3","","SC030","A","I","E","ASYN","Y","HOURS ARR","","WEB5","","","GUPTA,REKHA","","40","12","1","ASYN","26-AUG-23","08-DEC-23","20","0","20"
"20","12952","CS","300T","COMPUTERS IN SOCIETY","3","20","0","","SC030","A","I","H","ASYN","Y","HOURS ARR","","WEB7","","","GUPTA,REKHA","","40","12","1","ASYN","26-AUG-23","08-DEC-23","20","0","20"
"21","14742","CS","300T","COMPUTERS IN SOCIETY","3","24","3","","SC067","A","I","B","ASYN","Y","HOURS ARR","","WEB2","","","GUPTA,REKHA","","40","3","1","ASYN","26-AUG-23","08-DEC-23","20","0","20"
"37","14743","CS","300T","COMPUTERS IN SOCIETY","3","40","0","","SC067","A","I","E","ASYN","Y","HOURS ARR","","WEB5","","","GUPTA,REKHA","","40","3","1","ASYN","26-AUG-23","08-DEC-23","20","0","20"
"10","14744","CS","300T","COMPUTERS IN SOCIETY","3","10","0","","SC067","A","I","H","ASYN","Y","HOURS ARR","","WEB7","","","GUPTA,REKHA","","40","3","1","ASYN","26-AUG-23","08-DEC-23","20","0","20"
"5","15191","CS","312","INTERNET CONCEPTS","3","30","25","","SC062","A","I","B","SYNC","Y"," 930-1045AM","MW","WC2","","O","MORRIS,JAY","","50","41","1","SYNC","26-AUG-23","08-DEC-23","20","0","20"
"9","15192","CS","312","INTERNET CONCEPTS","3","40","15","","SC062","A","I","E","SYNC","Y"," 930-1045AM","MW","WC5","","O","MORRIS,JAY","","50","41","1","SYNC","26-AUG-23","08-DEC-23","20","0","20"
"9","15193","CS","312","INTERNET CONCEPTS","3","40","1","","SC062","A","I","H","SYNC","Y"," 930-1045AM","MW","WC7","","O","MORRIS,JAY","","50","41","1","SYNC","26-AUG-23","08-DEC-23","20","0","20"
"1","21856","CS","315","COMP SCI UNDERGRAD COLLOQUIUM","1","18","15","","SC070","A","I","B","SYNC","Y"," 400- 500PM","W","WC2","","O","BRUNELLE,JANET","","30","29","1","SYNC","26-AUG-23","08-DEC-23","20","1","19"
"1","21857","CS","315","COMP SCI UNDERGRAD COLLOQUIUM","1","15","14","","SC070","A","I","E","SYNC","Y"," 400- 500PM","W","WC5","","O","BRUNELLE,JANET","","30","29","1","SYNC","26-AUG-23","08-DEC-23","20","1","19"
"1","21858","CS","315","COMP SCI UNDERGRAD COLLOQUIUM","1","10","0","","SC070","A","I","H","SYNC","Y"," 400- 500PM","W","WC7","","O","BRUNELLE,JANET","","30","29","1","SYNC","26-AUG-23","08-DEC-23","20","0","20"
"21","24060","CS","315","COMP SCI UNDERGRAD COLLOQUIUM","1","24","3","","SC011","A","I","B","SYNC","Y","HOURS ARR","","WEB2","","","BRUNELLE,JANET","","40","7","1","ASYN","26-AUG-23","08-DEC-23","20","0","20"
"31","24061","CS","315","COMP SCI UNDERGRAD COLLOQUIUM","1","35","4","","SC011","A","I","E","SYNC","Y","HOURS ARR","","WEB5","","","BRUNELLE,JANET","","40","7","1","ASYN","26-AUG-23","08-DEC-23","20","0","20"
"15","24062","CS","315","COMP SCI UNDERGRAD COLLOQUIUM","1","15","0","","SC011","A","I","H","SYNC","Y","HOURS ARR","","WEB7","","","BRUNELLE,JANET","","40","7","1","ASYN","26-AUG-23","08-DEC-23","20","0","20"
"0","12954","CS","330","OBJECT-ORIENTED DESIGN/PROGRAM","3","20","20","","SC036","A","I","B","ASYN","Y","HOURS ARR","","WEB2","","","KENNEDY,THOMAS","","50","48","1","ASYN","26-AUG-23","08-DEC-23","20","0","20"
"2","12955","CS","330","OBJECT-ORIENTED DESIGN/PROGRAM","3","50","23","","SC036","A","I","E","ASYN","Y","HOURS ARR","","WEB5","","","KENNEDY,THOMAS","","50","48","1","ASYN","26-AUG-23","08-DEC-23","20","0","20"
"2","12956","CS","330","OBJECT-ORIENTED DESIGN/PROGRAM","3","50","5","","SC036","A","I","H","ASYN","Y","HOURS ARR","","WEB7","","","KENNEDY,THOMAS","","50","48","1","ASYN","26-AUG-23","08-DEC-23","20","0","20"
"13","15114","CS","330","OBJECT-ORIENTED DESIGN/PROGRAM","3","50","37","","","A","","A","TRAD","Y"," 100- 150PM","MWF","DRGS","1117","","KENNEDY,THOMAS","","","37","1","CLAS","26-AUG-23","08-DEC-23","30","0","30"
"17","20542","CS","330","OBJECT-ORIENTED DESIGN/PROGRAM","3","25","8","","SC023","A","I","B","ASYN","Y","HOURS ARR","","WEB2","","","HOSNI,SARAH","","50","12","1","ASYN","26-AUG-23","08-DEC-23","20","0","20"
"27","20544","CS","330","OBJECT-ORIENTED DESIGN/PROGRAM","3","30","3","","SC023","A","I","E","ASYN","Y","HOURS ARR","","WEB5","","","HOSNI,SARAH","","50","12","1","ASYN","26-AUG-23","08-DEC-23","20","0","20"
"9","20545","CS","330","OBJECT-ORIENTED DESIGN/PROGRAM","3","10","1","","SC023","A","I","H","ASYN","Y","HOURS ARR","","WEB7","","","HOSNI,SARAH","","50","12","1","ASYN","26-AUG-23","08-DEC-23","20","0","20"
"3","14609","CS","350","INTRO TO SOFTWARE ENGINEERING","3","29","26","F1","SC117","A","I","B","ASYN","Y","HOURS ARR","","WEB2","","","ZEIL,STEVEN","","48","41","1","ASYN","26-AUG-23","08-DEC-23","0","0","0"
"7","14610","CS","350","INTRO TO SOFTWARE ENGINEERING","3","48","12","G1","SC117","A","I","E","ASYN","Y","HOURS ARR","","WEB5","","","ZEIL,STEVEN","","48","41","1","ASYN","26-AUG-23","08-DEC-23","0","0","0"
"7","14611","CS","350","INTRO TO SOFTWARE ENGINEERING","3","40","3","H1","SC117","A","I","H","ASYN","Y","HOURS ARR","","WEB7","","","ZEIL,STEVEN","","48","41","1","ASYN","26-AUG-23","08-DEC-23","0","0","0"
"0","14612","CS","350","INTR TO SOFTWARE ENGINEER REC","0","15","13","F3","SC118","C","I","B","SYNC","Y","1000-1200PM","T","WC2","","","ZEIL,STEVEN","","24","24","1","SYNC","26-AUG-23","08-DEC-23","20","0","20"
"0","14613","CS","350","INTR TO SOFTWARE ENGINEER REC","0","24","10","G3","SC118","C","I","E","SYNC","Y","1000-1200PM","T","WC5","","O","ZEIL,STEVEN","","24","24","1","SYNC","26-AUG-23","08-DEC-23","20","0","20"
"0","14614","CS","350","INTR TO SOFTWARE ENGINEER REC","0","24","1","H3","SC118","C","I","H","SYNC","Y","1000-1200PM","T","WC7","","O","ZEIL,STEVEN","","24","24","1","SYNC","26-AUG-23","08-DEC-23","20","0","20"
"2","14615","CS","350","INTR TO SOFTWARE ENGINEER REC","0","15","13","F3","SC119","C","I","B","SYNC","Y"," 130- 330PM","T","WC2","","","ZEIL,STEVEN","","24","17","1","SYNC","26-AUG-23","08-DEC-23","20","0","20"
"7","14616","CS","350","INTR TO SOFTWARE ENGINEER REC","0","24","2","G3","SC119","C","I","E","SYNC","Y"," 130- 330PM","T","WC5","","O","ZEIL,STEVEN","","24","17","1","SYNC","26-AUG-23","08-DEC-23","20","0","20"
"7","14617","CS","350","INTR TO SOFTWARE ENGINEER REC","0","15","2","H3","SC119","C","I","H","SYNC","Y"," 130- 330PM","T","WC7","","O","ZEIL,STEVEN","","24","17","1","SYNC","26-AUG-23","08-DEC-23","20","0","20"
"20","19350","CS","350","INTRO TO SOFTWARE ENGINEERING","3","29","9","A1","SC163","A","I","B","ASYN","Y","HOURS ARR","","WEB2","","","POLAWAR,NISHA","","48","18","1","ASYN","26-AUG-23","08-DEC-23","0","0","0"
"30","19351","CS","350","INTRO TO SOFTWARE ENGINEERING","3","48","7","B1","SC163","A","I","E","ASYN","Y","HOURS ARR","","WEB5","","","POLAWAR,NISHA","","48","18","1","ASYN","26-AUG-23","08-DEC-23","0","0","0"
"30","19352","CS","350","INTRO TO SOFTWARE ENGINEERING","3","40","2","C1","SC163","A","I","H","ASYN","Y","HOURS ARR","","WEB7","","","POLAWAR,NISHA","","48","18","1","ASYN","26-AUG-23","08-DEC-23","0","0","0"
"11","19354","CS","350","INTRO TO SOFTWARE ENGINEERING","0","15","4","A3","SC164","C","I","B","SYNC","Y","1000-1200PM","W","WC2","","O","POLAWAR,NISHA","","24","7","1","SYNC","26-AUG-23","08-DEC-23","20","0","20"
"17","19355","CS","350","INTRO TO SOFTWARE ENGINEERING","0","24","3","B3","SC164","C","I","E","SYNC","Y","1000-1200PM","W","WC5","","O","POLAWAR,NISHA","","24","7","1","SYNC","26-AUG-23","08-DEC-23","20","0","20"
"17","19356","CS","350","INTRO TO SOFTWARE ENGINEERING","0","24","0","C3","SC164","C","I","H","SYNC","Y","1000-1200PM","W","WC7","","O","POLAWAR,NISHA","","24","7","1","SYNC","26-AUG-23","08-DEC-23","20","0","20"
"10","19358","CS","350","INTRO TO SOFTWARE ENGINEERING","0","15","5","A3","SC165","C","I","B","SYNC","Y"," 710- 910PM","W","WC2","","O","POLAWAR,NISHA","","24","12","1","SYNC","26-AUG-23","08-DEC-23","20","0","20"
"12","19359","CS","350","INTRO TO SOFTWARE ENGINEERING","0","24","5","B3","SC165","C","I","E","SYNC","Y"," 710- 910PM","W","WC5","","O","POLAWAR,NISHA","","24","12","1","SYNC","26-AUG-23","08-DEC-23","20","0","20"
"12","19360","CS","350","INTRO TO SOFTWARE ENGINEERING","0","15","2","C3","SC165","C","I","H","SYNC","Y"," 710- 910PM","W","WC7","","O","POLAWAR,NISHA","","24","12","1","SYNC","26-AUG-23","08-DEC-23","20","0","20"
"13","11597","CS","355","PRINCIP-PROGRAMMING LANGUAGES","3","50","37","","","A","","A","TRAD","Y","1200-1250PM","MWF","DRGS","1117","","MORRIS,JAY","","","37","1","CLAS","26-AUG-23","08-DEC-23","30","0","30"
"0","19363","CS","355","PRINCIP-PROGRAMMING LANGUAGES","3","15","15","","SC120","A","I","B","ASYN","Y","HOURS ARR","","WEB2","","","MORRIS,JAY","","50","39","1","ASYN","26-AUG-23","08-DEC-23","20","6","14"
"11","19364","CS","355","PRINCIP-PROGRAMMING LANGUAGES","3","40","23","","SC120","A","I","E","ASYN","Y","HOURS ARR","","WEB5","","","MORRIS,JAY","","50","39","1","ASYN","26-AUG-23","08-DEC-23","20","0","20"
"11","19365","CS","355","PRINCIP-PROGRAMMING LANGUAGES","3","40","1","","SC120","A","I","H","ASYN","Y","HOURS ARR","","WEB7","","","MORRIS,JAY","","50","39","1","ASYN","26-AUG-23","08-DEC-23","20","0","20"
"14","10289","CS","361","DATA STRUCTURES/ALGORITHMS","3","50","36","","","A","","A","TRAD","Y"," 300- 415PM","MW","DRGS","1117","","ZEIL,STEVEN","","","36","1","CLAS","26-AUG-23","08-DEC-23","30","0","30"
"0","14793","CS","361","DATA STRUCTURES/ALGORITHMS","3","15","15","","SC064","A","I","B","ASYN","Y","HOURS ARR","","WEB2","","","HOSNI,SARAH","","40","40","1","ASYN","26-AUG-23","08-DEC-23","20","0","20"
"0","14794","CS","361","DATA STRUCTURES/ALGORITHMS","3","40","15","","SC064","A","I","E","ASYN","Y","HOURS ARR","","WEB5","","","HOSNI,SARAH","","40","40","1","ASYN","26-AUG-23","08-DEC-23","20","1","19"
"0","14795","CS","361","DATA STRUCTURES/ALGORITHMS","3","40","10","","SC064","A","I","H","ASYN","Y","HOURS ARR","","WEB7","","","HOSNI,SARAH","","40","40","1","ASYN","26-AUG-23","08-DEC-23","20","0","20"
"6","15894","CS","361","DATA STRUCTURES/ALGORITHMS","3","20","14","","SC121","A","I","B","ASYN","Y","HOURS ARR","","WEB2","","","STAFF","","40","26","1","ASYN","26-AUG-23","08-DEC-23","20","0","20"
"14","15895","CS","361","DATA STRUCTURES/ALGORITHMS","3","40","10","","SC121","A","I","E","ASYN","Y","HOURS ARR","","WEB5","","","STAFF","","40","26","1","ASYN","26-AUG-23","08-DEC-23","20","0","20"
"14","16041","CS","361","DATA STRUCTURES/ALGORITHMS","3","40","2","","SC121","A","I","H","ASYN","Y","HOURS ARR","","WEB7","","","STAFF","","40","26","1","ASYN","26-AUG-23","08-DEC-23","20","0","20"
"20","10201","CS","367","COOPERATIVE EDUCATION","3","20","0","","","J","","A","ASYN","Y","HOURS ARR","","TBA","TBA","","EL MESALAMI,AYMAN","IN","","0","1","ASYN","26-AUG-23","08-DEC-23","0","0","0"
"20","14438","CS","367","COOPERATIVE EDUCATION","3","20","0","","","J","I","H","ASYN","Y","HOURS ARR","","IND7","","","EL MESALAMI,AYMAN","IN","","0","1","ASYN","26-AUG-23","08-DEC-23","20","0","20"
"20","10202","CS","368","COMPUTER SCIENCE INTERNSHIP","3","20","0","","","J","","A","PRACT","Y","HOURS ARR","","TBA","TBA","","EL MESALAMI,AYMAN","IN","","0","1","ASYN","26-AUG-23","08-DEC-23","0","0","0"
"20","14439","CS","368","COMPUTER SCIENCE INTERNSHIP","3","20","0","","","J","I","H","ASYN","Y","HOURS ARR","","IND7","","","EL MESALAMI,AYMAN","IN","","0","1","ASYN","26-AUG-23","08-DEC-23","20","0","20"
"5","18973","CS","368","COMPUTER SCIENCE INTERNSHIP","3","5","0","","","J","","A","ASYN","Y","HOURS ARR","","TBA","TBA","","EL MESALAMI,AYMAN","IN","","0","1","ASYN","26-AUG-23","08-DEC-23","0","0","0"
"5","18974","CS","368","COMPUTER SCIENCE INTERNSHIP","3","5","0","","","J","I","E","ASYN","Y","HOURS ARR","","IND5","","","EL MESALAMI,AYMAN","IN","","0","1","ASYN","26-AUG-23","08-DEC-23","20","0","20"
"0","12991","CS","381","INTRO TO DISCRETE STRUCTURES","3","20","20","","SC078","A","I","B","ASYN","Y","HOURS ARR","","WEB2","","","EL MESALAMI,AYMAN","","40","40","1","ASYN","26-AUG-23","08-DEC-23","20","9","11"
"0","12992","CS","381","INTRO TO DISCRETE STRUCTURES","3","40","16","","SC078","A","I","E","ASYN","Y","HOURS ARR","","WEB5","","","EL MESALAMI,AYMAN","","40","40","1","ASYN","26-AUG-23","08-DEC-23","20","0","20"
"0","12994","CS","381","INTRO TO DISCRETE STRUCTURES","3","40","4","","SC078","A","I","H","ASYN","Y","HOURS ARR","","WEB7","","","EL MESALAMI,AYMAN","","40","40","1","ASYN","26-AUG-23","08-DEC-23","20","1","19"
"-2","18577","CS","381","INTRO TO DISCRETE STRUCTURES","3","20","22","","SC015","A","I","B","SYNC","Y"," 300- 415PM","R","WC2","","O","HE,JING","","40","26","1","SYNC","26-AUG-23","08-DEC-23","20","0","20"
"14","18578","CS","381","INTRO TO DISCRETE STRUCTURES","3","40","2","","SC015","A","I","E","SYNC","Y"," 300- 415PM","R","WC5","","O","HE,JING","","40","26","1","SYNC","26-AUG-23","08-DEC-23","20","0","20"
"14","18579","CS","381","INTRO TO DISCRETE STRUCTURES","3","40","2","","SC015","A","I","H","SYNC","Y"," 300- 415PM","R","WC7","","O","HE,JING","","40","26","1","SYNC","26-AUG-23","08-DEC-23","20","0","20"
"20","19454","CS","381","INTRO TO DISCRETE STRUCTURES","3","50","30","","","A","","A","TRAD","Y"," 420- 535PM","MW","DRGS","1117","","CHERNIKOV,ANDREY","","","30","1","CLAS","26-AUG-23","08-DEC-23","30","0","30"
"19","10204","CS","390","INTRO-THEORETICAL COMPUTER SCI","3","45","26","","","A","","A","TRAD","Y"," 420- 535PM","TR","DRGS","1117","","MORRIS,JAY","","","26","1","CLAS","26-AUG-23","08-DEC-23","30","0","30"
"6","17593","CS","390","INTRO-THEORETICAL COMPUTER SCI","3","15","9","","SC087","A","I","B","ASYN","Y","HOURS ARR","","WEB2","","","STAFF","","55","49","1","ASYN","26-AUG-23","08-DEC-23","20","0","20"
"3","17594","CS","390","INTRO-THEORETICAL COMPUTER SCI","3","35","32","","SC087","A","I","E","ASYN","Y","HOURS ARR","","WEB5","","","STAFF","","55","49","1","ASYN","26-AUG-23","08-DEC-23","20","0","20"
"2","17595","CS","390","INTRO-THEORETICAL COMPUTER SCI","3","10","8","","SC087","A","I","H","ASYN","Y","HOURS ARR","","WEB7","","","STAFF","","55","49","1","ASYN","26-AUG-23","08-DEC-23","20","0","20"
"0","12756","CS","410","PROFESSIONAL WORKFORCE DEV I","3","12","12","E1","SC123","A","I","B","ASYN","Y","HOURS ARR","","WEB2","","","BRUNELLE,JANET","","20","20","1","ASYN","26-AUG-23","08-DEC-23","0","0","0"
"0","12757","CS","410","PROFESSIONAL WORKFORCE DEV I","3","20","8","F1","SC123","A","I","E","ASYN","Y","HOURS ARR","","WEB5","","","BRUNELLE,JANET","","20","20","1","ASYN","26-AUG-23","08-DEC-23","0","0","0"
"0","12758","CS","410","PROFESSIONAL WORKFORCE DEV I","3","20","0","G1","SC123","A","I","H","ASYN","Y","HOURS ARR","","WEB7","","","BRUNELLE,JANET","","20","20","1","ASYN","26-AUG-23","08-DEC-23","0","0","0"
"0","12760","CS","410","PROFESSION WORKFORCE DEV I REC","0","12","12","E3","SC044","C","I","B","SYNC","Y"," 100- 250PM","R","WC2","","O","BRUNELLE,JANET","","20","20","1","SYNC","26-AUG-23","08-DEC-23","20","0","20"
"0","12761","CS","410","PROFESSION WORKFORCE DEV I REC","0","20","8","F3","SC044","C","I","E","SYNC","Y"," 100- 250PM","R","WC5","","O","BRUNELLE,JANET","","20","20","1","SYNC","26-AUG-23","08-DEC-23","20","0","20"
"0","12762","CS","410","PROFESSION WORKFORCE DEV I REC","0","20","0","G3","SC044","C","I","H","SYNC","Y"," 100- 250PM","R","WC7","","O","BRUNELLE,JANET","","20","20","1","SYNC","26-AUG-23","08-DEC-23","20","0","20"
"0","14338","CS","410","PROFESSIONAL WORKFORCE DEV I","3","12","12","J1","SC089","A","I","B","ASYN","Y","HOURS ARR","","WEB2","","","KENNEDY,THOMAS","","20","20","1","ASYN","26-AUG-23","08-DEC-23","0","1","-1"
"0","14339","CS","410","PROFESSIONAL WORKFORCE DEV I","3","20","6","K1","SC089","A","I","E","ASYN","Y","HOURS ARR","","WEB5","","","KENNEDY,THOMAS","","20","20","1","ASYN","26-AUG-23","08-DEC-23","0","0","0"
"0","14340","CS","410","PROFESSIONAL WORKFORCE DEV I","3","20","2","L1","SC089","A","I","H","ASYN","Y","HOURS ARR","","WEB7","","","KENNEDY,THOMAS","","20","20","1","ASYN","26-AUG-23","08-DEC-23","0","0","0"
"0","14342","CS","410","PROFESSION WORKFORCE DEV I REC","0","12","12","J3","SC122","C","I","B","SYNC","Y","1100-1250PM","W","WC2","","O","KENNEDY,THOMAS","","20","20","1","SYNC","26-AUG-23","08-DEC-23","20","1","19"
"0","14343","CS","410","PROFESSION WORKFORCE DEV I REC","0","20","6","K3","SC122","C","I","E","SYNC","Y","1100-1250PM","W","WC5","","O","KENNEDY,THOMAS","","20","20","1","SYNC","26-AUG-23","08-DEC-23","20","0","20"
"0","14344","CS","410","PROFESSION WORKFORCE DEV I REC","0","20","2","L3","SC122","C","I","H","SYNC","Y","1100-1250PM","W","WC7","","O","KENNEDY,THOMAS","","20","20","1","SYNC","26-AUG-23","08-DEC-23","20","0","20"
"12","17505","CS","410","PROFESSIONAL WORKFORCE DEV I","3","12","0","A1","SC125","A","I","B","ASYN","N","HOURS ARR","","WEB2","","","BRUNELLE,JAMES","","20","1","1","ASYN","26-AUG-23","08-DEC-23","0","0","0"
"19","17506","CS","410","PROFESSIONAL WORKFORCE DEV I","3","20","1","B1","SC125","A","I","E","ASYN","N","HOURS ARR","","WEB5","","","BRUNELLE,JAMES","","20","1","1","ASYN","26-AUG-23","08-DEC-23","0","0","0"
"19","17507","CS","410","PROFESSIONAL WORKFORCE DEV I","3","20","0","C1","SC125","A","I","H","ASYN","N","HOURS ARR","","WEB7","","","BRUNELLE,JAMES","","20","1","1","ASYN","26-AUG-23","08-DEC-23","0","0","0"
"12","17509","CS","410","PROFESSIONAL WORKFORCE DEV I","0","12","0","A3","SC124","C","I","B","SYNC","N"," 800- 950AM","R","WC2","","O","BRUNELLE,JAMES","","20","1","1","SYNC","26-AUG-23","08-DEC-23","20","0","20"
"19","17510","CS","410","PROFESSIONAL WORKFORCE DEV I","0","20","1","B3","SC124","C","I","E","SYNC","N"," 800- 950AM","R","WC5","","O","BRUNELLE,JAMES","","20","1","1","SYNC","26-AUG-23","08-DEC-23","20","0","20"
"19","17511","CS","410","PROFESSIONAL WORKFORCE DEV I","0","20","0","C3","SC124","C","I","H","SYNC","N"," 800- 950AM","R","WC7","","O","BRUNELLE,JAMES","","20","1","1","SYNC","26-AUG-23","08-DEC-23","20","0","20"
"4","19299","CS","410","PROFESSIONAL WORKFORCE DEV I","0","12","8","P3","SC167","C","I","B","SYNC","Y","1200-1250PM","T","WC2","","O","HOSNI,SARAH","","20","10","1","SYNC","26-AUG-23","08-DEC-23","20","0","20"
"10","19300","CS","410","PROFESSIONAL WORKFORCE DEV I","0","20","2","Q3","SC167","C","I","E","SYNC","Y","1200-1250PM","T","WC5","","O","HOSNI,SARAH","","20","10","1","SYNC","26-AUG-23","08-DEC-23","20","0","20"
"4","19302","CS","410","PROFESSIONAL WORKFORCE DEV I","3","12","8","P1","SC168","A","I","B","ASYN","Y","HOURS ARR","","WEB2","","","HOSNI,SARAH","","20","10","1","ASYN","26-AUG-23","08-DEC-23","0","0","0"
"10","19303","CS","410","PROFESSIONAL WORKFORCE DEV I","3","20","2","Q1","SC168","A","I","E","ASYN","Y","HOURS ARR","","WEB5","","","HOSNI,SARAH","","20","10","1","ASYN","26-AUG-23","08-DEC-23","0","0","0"
"8","21938","CS","410","PROFESSIONAL WORKFORCE DEV I","0","12","4","G3","SC104","C","I","B","SYNC","Y"," 420- 610PM","W","WC2","","O","BRUNELLE,JAMES","","20","8","1","SYNC","26-AUG-23","08-DEC-23","20","0","20"
"12","21939","CS","410","PROFESSIONAL WORKFORCE DEV I","0","20","4","J3","SC104","C","I","E","SYNC","Y"," 420- 610PM","W","WC5","","O","BRUNELLE,JAMES","","20","8","1","SYNC","26-AUG-23","08-DEC-23","20","0","20"
"12","21940","CS","410","PROFESSIONAL WORKFORCE DEV I","0","20","0","H3","SC104","C","I","H","SYNC","Y"," 420- 610PM","W","WC7","","O","BRUNELLE,JAMES","","20","8","1","SYNC","26-AUG-23","08-DEC-23","20","0","20"
"8","21941","CS","410","PROFESSIONAL WORKFORCE DEV I","3","12","4","G1","SC106","A","I","B","ASYN","Y","HOURS ARR","","WEB2","","","BRUNELLE,JAMES","","20","8","1","ASYN","26-AUG-23","08-DEC-23","0","0","0"
"12","21942","CS","410","PROFESSIONAL WORKFORCE DEV I","3","20","4","J1","SC106","A","I","E","ASYN","Y","HOURS ARR","","WEB5","","","BRUNELLE,JAMES","","20","8","1","ASYN","26-AUG-23","08-DEC-23","0","0","0"
"10","21943","CS","410","PROFESSIONAL WORKFORCE DEV I","3","10","0","H1","SC106","A","I","H","ASYN","Y","HOURS ARR","","WEB7","","","BRUNELLE,JAMES","","20","8","1","ASYN","26-AUG-23","08-DEC-23","0","0","0"
"10","22983","CS","410","PROFESSIONAL WORKFORCE DEV I","0","20","0","Q3","SC167","C","I","H","SYNC","Y","1200-1250PM","T","WC7","","O","HOSNI,SARAH","","20","10","1","SYNC","26-AUG-23","08-DEC-23","20","0","20"
"2","12741","CS","411W","PROFESSIONAL WORKFORCE DEV II","3","15","13","B1","SC126","A","I","B","ASYN","Y","HOURS ARR","","WEB2","","","BRUNELLE,JANET","","24","19","1","ASYN","26-AUG-23","08-DEC-23","0","0","0"
"5","12742","CS","411W","PROFESSIONAL WORKFORCE DEV II","3","20","6","C1","SC126","A","I","E","ASYN","Y","HOURS ARR","","WEB5","","","BRUNELLE,JANET","","24","19","1","ASYN","26-AUG-23","08-DEC-23","0","0","0"
"5","12743","CS","411W","PROFESSIONAL WORKFORCE DEV II","3","20","0","D1","SC126","A","I","H","ASYN","Y","HOURS ARR","","WEB7","","","BRUNELLE,JANET","","24","19","1","ASYN","26-AUG-23","08-DEC-23","0","0","0"
"6","12745","CS","411W","PROFESSIO WORKFORCE DEV II REC","0","8","2","B3","SC127","C","I","B","SYNC","Y","1100-1150AM","M","WC2","","O","BRUNELLE,JANET","","12","3","1","SYNC","26-AUG-23","08-DEC-23","20","0","20"
"7","12746","CS","411W","PROFESSIO WORKFORCE DEV II REC","0","8","1","C3","SC127","C","I","E","SYNC","Y","1100-1150AM","M","WC5","","O","BRUNELLE,JANET","","12","3","1","SYNC","26-AUG-23","08-DEC-23","20","0","20"
"8","12747","CS","411W","PROFESSIO WORKFORCE DEV II REC","0","8","0","D3","SC127","C","I","H","SYNC","Y","1100-1150AM","M","WC7","","O","BRUNELLE,JANET","","12","3","1","SYNC","26-AUG-23","08-DEC-23","20","0","20"
"2","12749","CS","411W","PROFESSIO WORKFORCE DEV II REC","0","8","6","B3","SC128","C","I","B","SYNC","Y","1200-1250PM","M","WC2","","O","BRUNELLE,JANET","","12","9","1","SYNC","26-AUG-23","08-DEC-23","20","0","20"
"3","12750","CS","411W","PROFESSIO WORKFORCE DEV II REC","0","8","3","C3","SC128","C","I","E","SYNC","Y","1200-1250PM","M","WC5","","O","BRUNELLE,JANET","","12","9","1","SYNC","26-AUG-23","08-DEC-23","20","0","20"
"3","12751","CS","411W","PROFESSIO WORKFORCE DEV II REC","0","8","0","D3","SC128","C","I","H","SYNC","Y","1200-1250PM","M","WC7","","O","BRUNELLE,JANET","","12","9","1","SYNC","26-AUG-23","08-DEC-23","20","0","20"
"2","15673","CS","411W","PROFESSIO WORKFORCE DEV II REC","0","8","5","P3","SC069","C","I","B","SYNC","Y","1100-1150AM","T","WC2","","O","BRUNELLE,JAMES","","12","10","1","SYNC","26-AUG-23","08-DEC-23","20","0","20"
"2","15674","CS","411W","PROFESSIO WORKFORCE DEV II REC","0","10","5","Q3","SC069","C","I","E","SYNC","Y","1100-1150AM","T","WC5","","O","BRUNELLE,JAMES","","12","10","1","SYNC","26-AUG-23","08-DEC-23","20","0","20"
"2","15675","CS","411W","PROFESSIO WORKFORCE DEV II REC","0","10","0","R3","SC069","C","I","H","SYNC","Y","1100-1150AM","T","WC7","","O","BRUNELLE,JAMES","","12","10","1","SYNC","26-AUG-23","08-DEC-23","20","0","20"
"7","19305","CS","411W","PROFESSIONAL WORKFORCE DEV II","3","15","8","P1","SC169","A","I","B","ASYN","Y","HOURS ARR","","WEB2","","","BRUNELLE,JAMES","","24","16","1","ASYN","26-AUG-23","08-DEC-23","0","0","0"
"8","19306","CS","411W","PROFESSIONAL WORKFORCE DEV II","3","20","7","Q1","SC169","A","I","E","ASYN","Y","HOURS ARR","","WEB5","","","BRUNELLE,JAMES","","24","16","1","ASYN","26-AUG-23","08-DEC-23","0","0","0"
"8","19321","CS","411W","PROFESSIONAL WORKFORCE DEV II","3","20","1","R1","SC169","A","I","H","ASYN","Y","HOURS ARR","","WEB7","","","BRUNELLE,JAMES","","24","16","1","ASYN","26-AUG-23","08-DEC-23","0","0","0"
"5","19324","CS","411W","PROFESSIONAL WORKFORCE DEV II","0","8","3","P3","SC170","C","I","B","SYNC","Y"," 900- 950AM","T","WC2","","O","BRUNELLE,JAMES","","12","6","1","SYNC","26-AUG-23","08-DEC-23","20","0","20"
"6","19325","CS","411W","PROFESSIONAL WORKFORCE DEV II","0","10","2","Q3","SC170","C","I","E","SYNC","Y"," 900- 950AM","T","WC5","","O","BRUNELLE,JAMES","","12","6","1","SYNC","26-AUG-23","08-DEC-23","20","0","20"
"6","19326","CS","411W","PROFESSIONAL WORKFORCE DEV II","0","10","1","R3","SC170","C","I","H","SYNC","Y"," 900- 950AM","T","WC7","","O","BRUNELLE,JAMES","","12","6","1","SYNC","26-AUG-23","08-DEC-23","20","0","20"
"5","22953","CS","411W","PROFESSIONAL WORKFORCE DEV II","0","12","5","B3","SC257","C","I","B","SYNC","Y","1000-1050AM","M","WC2","","O","BRUNELLE,JANET","","12","7","1","SYNC","26-AUG-23","08-DEC-23","20","0","20"
"5","22954","CS","411W","PROFESSIONAL WORKFORCE DEV II","0","8","2","C3","SC257","C","I","E","SYNC","Y","1000-1050AM","M","WC5","","O","BRUNELLE,JANET","","12","7","1","SYNC","26-AUG-23","08-DEC-23","20","0","20"
"5","22955","CS","411W","PROFESSIONAL WORKFORCE DEV II","0","8","0","D3","SC257","C","I","H","SYNC","Y","1000-1050AM","M","WC7","","O","BRUNELLE,JANET","","12","7","1","SYNC","26-AUG-23","08-DEC-23","20","0","20"
"21","22980","CS","411W","PROFESSIONAL WORKFORCE DEV II","0","21","0","P3","SC173","C","I","B","SYNC","Y","1000-1050AM","T","WC2","","O","BRUNELLE,JAMES","","35","0","1","SYNC","26-AUG-23","08-DEC-23","20","0","20"
"30","22981","CS","411W","PROFESSIONAL WORKFORCE DEV II","0","30","0","Q3","SC173","C","I","E","SYNC","Y","1000-1050AM","T","WC5","","O","BRUNELLE,JAMES","","35","0","1","SYNC","26-AUG-23","08-DEC-23","20","0","20"
"20","22982","CS","411W","PROFESSIONAL WORKFORCE DEV II","0","20","0","R3","SC173","C","I","H","SYNC","Y","1000-1050AM","T","WC7","","O","BRUNELLE,JAMES","","35","0","1","SYNC","26-AUG-23","08-DEC-23","20","0","20"
"1","22984","CS","411W","PROFESSIONAL WORKFORCE DEV II","0","8","7","J3","SC180","C","I","B","SYNC","Y","1100-1150AM","T","WC2","","O","KENNEDY,THOMAS","","12","11","1","SYNC","26-AUG-23","08-DEC-23","20","0","20"
"1","22985","CS","411W","PROFESSIONAL WORKFORCE DEV II","0","12","4","K3","SC180","C","I","E","SYNC","Y","1100-1150AM","T","WC5","","O","KENNEDY,THOMAS","","12","11","1","SYNC","26-AUG-23","08-DEC-23","20","0","20"
"1","22986","CS","411W","PROFESSIONAL WORKFORCE DEV II","0","10","0","L3","SC180","C","I","H","SYNC","Y","1100-1150AM","T","WC7","","O","KENNEDY,THOMAS","","12","11","1","SYNC","26-AUG-23","08-DEC-23","20","0","20"
"7","22987","CS","411W","PROFESSIONAL WORKFORCE DEV II","0","8","1","J3","SC187","C","I","B","SYNC","Y"," 900- 950AM","T","WC2","","O","KENNEDY,THOMAS","","12","2","1","SYNC","26-AUG-23","08-DEC-23","20","0","20"
"7","22988","CS","411W","PROFESSIONAL WORKFORCE DEV II","0","8","1","K3","SC187","C","I","E","SYNC","Y"," 900- 950AM","T","WC5","","O","KENNEDY,THOMAS","","12","2","1","SYNC","26-AUG-23","08-DEC-23","20","0","20"
"10","22989","CS","411W","PROFESSIONAL WORKFORCE DEV II","0","12","0","L3","SC187","C","I","H","SYNC","Y"," 900- 950AM","T","WC7","","O","KENNEDY,THOMAS","","12","2","1","SYNC","26-AUG-23","08-DEC-23","20","0","20"
"1","22990","CS","411W","PROFESSIONAL WORKFORCE DEV II","0","8","7","J3","SC116","C","I","B","SYNC","Y","1000-1050AM","T","WC2","","O","KENNEDY,THOMAS","","12","11","1","SYNC","26-AUG-23","08-DEC-23","20","0","20"
"1","22991","CS","411W","PROFESSIONAL WORKFORCE DEV II","0","10","4","K3","SC116","C","I","E","SYNC","Y","1000-1050AM","T","WC5","","O","KENNEDY,THOMAS","","12","11","1","SYNC","26-AUG-23","08-DEC-23","20","0","20"
"1","22992","CS","411W","PROFESSIONAL WORKFORCE DEV II","0","10","0","L3","SC116","C","I","H","SYNC","Y","1000-1050AM","T","WC7","","O","KENNEDY,THOMAS","","12","11","1","SYNC","26-AUG-23","08-DEC-23","20","0","20"
"0","22993","CS","411W","PROFESSIONAL WORKFORCE DEV II","3","15","15","J1","SC138","A","I","B","ASYN","Y","HOURS ARR","","WEB2","","","KENNEDY,THOMAS","","24","24","1","ASYN","26-AUG-23","08-DEC-23","0","0","0"
"0","22994","CS","411W","PROFESSIONAL WORKFORCE DEV II","3","24","9","K1","SC138","A","I","E","ASYN","Y","HOURS ARR","","WEB5","","","KENNEDY,THOMAS","","24","24","1","ASYN","26-AUG-23","08-DEC-23","0","0","0"
"0","22995","CS","411W","PROFESSIONAL WORKFORCE DEV II","3","24","0","L1","SC138","A","I","H","ASYN","Y","HOURS ARR","","WEB7","","","KENNEDY,THOMAS","","24","24","1","ASYN","26-AUG-23","08-DEC-23","0","0","0"
"13","24072","CS","411W","PROFESSIONAL WORKFORCE DEV II","3","15","0","X1","SC150","A","I","B","ASYN","Y","HOURS ARR","","WEB2","","","KENNEDY,THOMAS","","15","2","1","ASYN","26-AUG-23","08-DEC-23","20","0","20"
"13","24073","CS","411W","PROFESSIONAL WORKFORCE DEV II","3","15","1","Y1","SC150","A","I","E","ASYN","Y","HOURS ARR","","WEB5","","","KENNEDY,THOMAS","","15","2","1","ASYN","26-AUG-23","08-DEC-23","20","0","20"
"13","24074","CS","411W","PROFESSIONAL WORKFORCE DEV II","3","15","1","Z1","SC150","A","I","H","ASYN","Y","HOURS ARR","","WEB7","","","KENNEDY,THOMAS","","15","2","1","ASYN","26-AUG-23","08-DEC-23","20","0","20"
"13","24075","CS","411W","PROFESSIONAL WORKFORCE DEV II","0","15","0","X3","SC160","C","I","B","SYNC","Y","1200-1250PM","M","WC2","","","KENNEDY,THOMAS","","15","2","1","SYNC","26-AUG-23","08-DEC-23","20","0","20"
"13","24078","CS","411W","PROFESSIO WORKFORCE DEV II REC","0","15","1","Y3","SC160","C","I","E","SYNC","Y","1200-1250PM","M","WC5","","O","KENNEDY,THOMAS","","15","2","1","SYNC","26-AUG-23","08-DEC-23","20","0","20"
"13","24079","CS","411W","PROFESSIO WORKFORCE DEV II REC","0","15","1","Z3","SC160","C","I","H","SYNC","Y","1200-1250PM","M","WC7","","O","KENNEDY,THOMAS","","15","2","1","SYNC","26-AUG-23","08-DEC-23","20","0","20"
"8","17234","CS","417","COMPUTATIONAL METH & SOFTWARE","3","15","7","","SC130","A","I","B","SYNC","Y"," 130- 245PM","TR","WC2","","O","KENNEDY,THOMAS","","50","31","1","SYNC","26-AUG-23","08-DEC-23","20","0","20"
"19","17235","CS","417","COMPUTATIONAL METH & SOFTWARE","3","35","15","","SC130","A","I","E","SYNC","Y"," 130- 245PM","TR","WC5","","O","KENNEDY,THOMAS","","50","31","1","SYNC","26-AUG-23","08-DEC-23","20","0","20"
"7","17236","CS","417","COMPUTATIONAL METH & SOFTWARE","3","10","3","","SC130","A","I","H","SYNC","Y"," 130- 245PM","TR","WC7","","O","KENNEDY,THOMAS","","50","31","1","SYNC","26-AUG-23","08-DEC-23","20","0","20"
"13","17377","CS","417","COMPUTATIONAL METH & SOFTWARE","3","15","2","","SC130","A","S","A","TRAD","Y"," 130- 245PM","TR","GORNT","0201","O","KENNEDY,THOMAS","","50","31","1","CLAS","26-AUG-23","08-DEC-23","20","0","20"
"27","17498","CS","417","COMPUTATIONAL METH & SOFTWARE","3","35","8","","","A","","A","TRAD","Y"," 200- 250PM","MWF","CONST","1009","","MORRIS,JAY","","","8","1","CLAS","26-AUG-23","08-DEC-23","20","0","20"
"10","12504","CS","418","WEB PROGRAMMING","3","15","5","","SCCAA","A","","A","TRAD","Y"," 300- 415PM","TR","MGB","0128","","WU,JIAN","","40","11","1","CLAS","26-AUG-23","08-DEC-23","20","0","20"
"15","23005","CS","422","INTRO TO MACHINE LEARNING","3","18","3","","SC249","A","I","B","SYNC","Y"," 300- 415PM","MW","WC2","","O","SUN,JIANGWEN","","30","10","1","SYNC","26-AUG-23","08-DEC-23","20","0","20"
"20","23006","CS","422","INTRO TO MACHINE LEARNING","3","30","5","","SC249","A","I","E","SYNC","Y"," 300- 415PM","MW","WC5","","O","SUN,JIANGWEN","","30","10","1","SYNC","26-AUG-23","08-DEC-23","20","0","20"
"20","23007","CS","422","INTRO TO MACHINE LEARNING","3","30","0","","SC249","A","I","H","SYNC","Y"," 300- 415PM","MW","WC7","","O","SUN,JIANGWEN","","30","10","1","SYNC","26-AUG-23","08-DEC-23","20","0","20"
"21","18569","CS","432","WEB SCIENCE","3","24","3","","SC014","A","I","B","ASYN","Y","HOURS ARR","","WEB2","","","WEIGLE,MICHELE","","40","15","1","ASYN","26-AUG-23","08-DEC-23","20","0","20"
"15","18570","CS","432","WEB SCIENCE","3","20","5","","SC014","A","I","E","ASYN","Y","HOURS ARR","","WEB5","","","WEIGLE,MICHELE","","40","15","1","ASYN","26-AUG-23","08-DEC-23","20","0","20"
"10","18571","CS","432","WEB SCIENCE","3","10","0","","SC014","A","I","H","ASYN","Y","HOURS ARR","","WEB7","","","WEIGLE,MICHELE","","40","15","1","ASYN","26-AUG-23","08-DEC-23","20","0","20"
"18","23043","CS","433","WEB SECURITY","3","18","0","","SC251","A","I","B","ASYN","Y","HOURS ARR","","WEB2","","","NELSON,MICHAEL","","30","5","1","ASYN","26-AUG-23","08-DEC-23","20","0","20"
"25","23044","CS","433","WEB SECURITY","3","30","0","","SC251","A","I","E","ASYN","Y","HOURS ARR","","WEB5","","","NELSON,MICHAEL","","30","5","1","ASYN","26-AUG-23","08-DEC-23","20","0","20"
"25","23045","CS","433","WEB SECURITY","3","30","0","","SC251","A","I","H","ASYN","Y","HOURS ARR","","WEB7","","","NELSON,MICHAEL","","30","5","1","ASYN","26-AUG-23","08-DEC-23","20","0","20"
"18","21759","CS","441","APP DEV SMART DEVICES","3","18","0","","SC040","A","I","B","SYNC","Y"," 710- 825PM","MW","WC2","","O","LEE,KWANG","","30","7","1","SYNC","26-AUG-23","08-DEC-23","20","0","20"
"10","21760","CS","441","APP DEV SMART DEVICES","3","10","0","","SC040","A","I","E","SYNC","Y"," 710- 825PM","MW","WC5","","O","LEE,KWANG","","30","7","1","SYNC","26-AUG-23","08-DEC-23","20","0","20"
"5","21761","CS","441","APP DEV SMART DEVICES","3","5","0","","SC040","A","I","H","SYNC","Y"," 710- 825PM","MW","WC7","","O","LEE,KWANG","","30","7","1","SYNC","26-AUG-23","08-DEC-23","20","0","20"
"3","15184","CS","450","DATABASE CONCEPTS","3","24","3","","SC053","A","I","B","SYNC","Y"," 300- 415PM","TR","WC2","","","GANJIGUNTE ,VIKAS","","40","37","1","SYNC","26-AUG-23","08-DEC-23","20","0","20"
"3","15185","CS","450","DATABASE CONCEPTS","3","30","8","","SC053","A","I","E","SYNC","Y"," 300- 415PM","TR","WC5","","O","GANJIGUNTE ,VIKAS","","40","37","1","SYNC","26-AUG-23","08-DEC-23","20","0","20"
"3","15186","CS","450","DATABASE CONCEPTS","3","30","1","","SC053","A","I","H","SYNC","Y"," 300- 415PM","TR","WC7","","O","GANJIGUNTE ,VIKAS","","40","37","1","SYNC","26-AUG-23","08-DEC-23","20","0","20"
"3","20971","CS","450","DATABASE CONCEPTS","3","10","1","","SC053","A","S","A","TRAD","Y"," 300- 415PM","TR","DRGS","2117","O","GANJIGUNTE ,VIKAS","","40","37","1","CLAS","26-AUG-23","08-DEC-23","20","0","20"
"4","24054","CS","450","DATABASE CONCEPTS","3","5","1","","SC029","A","I","B","SYNC","Y"," 710- 950PM","W","WC2","","","RIZVI,SYED","","40","1","1","SYNC","26-AUG-23","08-DEC-23","20","0","20"
"30","24055","CS","450","DATABASE CONCEPTS","3","30","0","","SC029","A","I","E","SYNC","Y"," 710- 950PM","W","WC5","","O","RIZVI,SYED","","40","1","1","SYNC","26-AUG-23","08-DEC-23","20","0","20"
"10","24056","CS","450","DATABASE CONCEPTS","3","10","0","","SC029","A","I","H","SYNC","Y"," 710- 950PM","W","WC7","","O","RIZVI,SYED","","40","1","1","SYNC","26-AUG-23","08-DEC-23","20","0","20"
"2","20998","CS","455","INTRO-NETWORKS & COMMUNICATION","3","4","2","","SC245","A","S","A","TRAD","Y","1100-1215PM","TR","GORNT","0217","","IBRAHIM,SOAD","","50","33","1","CLAS","26-AUG-23","08-DEC-23","20","0","20"
"17","20999","CS","455","INTRO-NETWORKS & COMMUNICATION","3","30","12","","SC245","A","I","B","SYNC","Y","1100-1215PM","TR","WC2","","O","IBRAHIM,SOAD","","50","33","1","SYNC","26-AUG-23","08-DEC-23","20","0","20"
"17","21000","CS","455","INTRO-NETWORKS & COMMUNICATION","3","50","3","","SC245","A","I","E","SYNC","Y","1100-1215PM","TR","WC5","","O","IBRAHIM,SOAD","","50","33","1","SYNC","26-AUG-23","08-DEC-23","20","0","20"
"17","21001","CS","455","INTRO-NETWORKS & COMMUNICATION","3","50","1","","SC245","A","I","H","SYNC","Y","1100-1215PM","TR","WC7","","O","IBRAHIM,SOAD","","50","33","1","SYNC","26-AUG-23","08-DEC-23","20","0","20"
"-1","14779","CS","462","CYBERSECURITY FUNDAMENTALS","3","30","31","","SC048","A","I","B","ASYN","Y","HOURS ARR","","WEB2","","","ZEHRA,SUSAN","","50","51","1","ASYN","26-AUG-23","08-DEC-23","20","0","20"
"-1","14780","CS","462","CYBERSECURITY FUNDAMENTALS","3","50","17","","SC048","A","I","E","ASYN","Y","HOURS ARR","","WEB5","","","ZEHRA,SUSAN","","50","51","1","ASYN","26-AUG-23","08-DEC-23","20","0","20"
"-1","14781","CS","462","CYBERSECURITY FUNDAMENTALS","3","50","3","","SC048","A","I","H","ASYN","Y","HOURS ARR","","WEB7","","","ZEHRA,SUSAN","","50","51","1","ASYN","26-AUG-23","08-DEC-23","20","0","20"
"-1","15449","CS","462","CYBERSECURITY FUNDAMENTALS","3","35","36","","SC085","A","I","B","ASYN","Y","HOURS ARR","","WEB2","","","CARTLEDGE,CHARLES","","50","48","1","ASYN","26-AUG-23","08-DEC-23","20","2","18"
"1","18544","CS","462","CYBERSECURITY FUNDAMENTALS","3","30","29","","SC055","A","I","B","ASYN","Y","HOURS ARR","","WEB2","","","ZEHRA,SUSAN","","50","49","1","ASYN","26-AUG-23","08-DEC-23","20","0","20"
"1","18546","CS","462","CYBERSECURITY FUNDAMENTALS","3","20","15","","SC055","A","I","E","ASYN","Y","HOURS ARR","","WEB5","","","ZEHRA,SUSAN","","50","49","1","ASYN","26-AUG-23","08-DEC-23","20","0","20"
"1","18547","CS","462","CYBERSECURITY FUNDAMENTALS","3","5","0","","SC055","A","I","H","ASYN","Y","HOURS ARR","","WEB7","","","ZEHRA,SUSAN","","50","49","1","ASYN","26-AUG-23","08-DEC-23","20","0","20"
"0","20184","CS","462","CYBERSECURITY FUNDAMENTALS","3","30","30","","SC219","A","I","B","ASYN","Y","HOURS ARR","","WEB2","","","ZEHRA,SUSAN","","50","42","1","ASYN","26-AUG-23","08-DEC-23","20","3","17"
"8","20185","CS","462","CYBERSECURITY FUNDAMENTALS","3","20","7","","SC219","A","I","E","ASYN","Y","HOURS ARR","","WEB5","","","ZEHRA,SUSAN","","50","42","1","ASYN","26-AUG-23","08-DEC-23","20","0","20"
"2","20186","CS","462","CYBERSECURITY FUNDAMENTALS","3","5","2","","SC085","A","I","H","ASYN","Y","HOURS ARR","","WEB7","","","CARTLEDGE,CHARLES","","50","48","1","ASYN","26-AUG-23","08-DEC-23","20","0","20"
"2","22145","CS","462","CYBERSECURITY FUNDAMENTALS","3","15","7","","SC085","A","I","E","ASYN","Y","HOURS ARR","","WEB5","","","CARTLEDGE,CHARLES","","50","48","1","ASYN","26-AUG-23","08-DEC-23","20","0","20"
"0","12982","CS","463","CRYPTOGRAPHY FOR CYBERSECURITY","3","30","30","","SC063","A","I","B","ASYN","Y","HOURS ARR","","WEB2","","","ZEHRA,SUSAN","","50","48","1","ASYN","26-AUG-23","08-DEC-23","20","0","20"
"2","12983","CS","463","CRYPTOGRAPHY FOR CYBERSECURITY","3","25","16","","SC063","A","I","E","ASYN","Y","HOURS ARR","","WEB5","","","ZEHRA,SUSAN","","50","48","1","ASYN","26-AUG-23","08-DEC-23","20","0","20"
"2","12984","CS","463","CRYPTOGRAPHY FOR CYBERSECURITY","3","10","0","","SC063","A","I","H","ASYN","Y","HOURS ARR","","WEB7","","","ZEHRA,SUSAN","","50","48","1","ASYN","26-AUG-23","08-DEC-23","20","0","20"
"0","19328","CS","463","CRYPTOGRAPHY FOR CYBERSECURITY","3","30","27","","SC171","A","I","B","ASYN","Y","HOURS ARR","","WEB2","","","CARTLEDGE,CHARLES","","50","50","1","ASYN","26-AUG-23","08-DEC-23","20","0","20"
"0","19329","CS","463","CRYPTOGRAPHY FOR CYBERSECURITY","3","25","21","","SC171","A","I","E","ASYN","Y","HOURS ARR","","WEB5","","","CARTLEDGE,CHARLES","","50","50","1","ASYN","26-AUG-23","08-DEC-23","20","0","20"
"0","19330","CS","463","CRYPTOGRAPHY FOR CYBERSECURITY","3","10","1","","SC171","A","I","H","ASYN","Y","HOURS ARR","","WEB7","","","CARTLEDGE,CHARLES","","50","50","1","ASYN","26-AUG-23","08-DEC-23","20","0","20"
"0","18919","CS","464","NETWORKED SYSTEMS SECURITY","3","30","29","","SC155","A","I","B","ASYN","Y","HOURS ARR","","WEB2","","","RUNYAN,DARICH","","50","50","1","ASYN","26-AUG-23","08-DEC-23","20","7","13"
"0","18920","CS","464","NETWORKED SYSTEMS SECURITY","3","50","11","","SC155","A","I","E","ASYN","Y","HOURS ARR","","WEB5","","","RUNYAN,DARICH","","50","50","1","ASYN","26-AUG-23","08-DEC-23","20","7","13"
"0","18921","CS","464","NETWORKED SYSTEMS SECURITY","3","50","1","","SC155","A","I","H","ASYN","Y","HOURS ARR","","WEB7","","","RUNYAN,DARICH","","50","50","1","ASYN","26-AUG-23","08-DEC-23","20","0","20"
"30","19337","CS","464","NETWORKED SYSTEMS SECURITY","3","30","0","","SC162","A","I","B","ASYN","N","HOURS ARR","","WEB2","","","STAFF","","50","0","1","ASYN","26-AUG-23","08-DEC-23","20","0","20"
"50","19339","CS","464","NETWORKED SYSTEMS SECURITY","3","50","0","","SC162","A","I","E","ASYN","N","HOURS ARR","","WEB5","","","STAFF","","50","0","1","ASYN","26-AUG-23","08-DEC-23","20","0","20"
"50","19344","CS","464","NETWORKED SYSTEMS SECURITY","3","50","0","","SC162","A","I","H","ASYN","N","HOURS ARR","","WEB7","","","STAFF","","50","0","1","ASYN","26-AUG-23","08-DEC-23","20","0","20"
"13","17296","CS","467","INTRO REVERSE SOFTWARE ENGIN","3","25","6","","SCCAT","A","","A","TRAD","Y"," 710- 950PM","M","MHALL","1113B","","NING,RUI","","25","12","1","CLAS","26-AUG-23","08-DEC-23","20","0","20"
"5","19853","CS","468W","RESEARCH METHODS - MATH & SCI","3","5","0","","","A","","A","TRAD","Y"," 900-1050AM","MW","ED2","4141","O","MCCOY,PINKY","","20","0","1","CLAS","26-AUG-23","08-DEC-23","0","0","0"
"18","19617","CS","469","DATA ANALYTICS-CYBERSECURITY","3","18","0","","SC208","A","I","B","ASYN","Y","HOURS ARR","","WEB2","","","MUKKAMALA,RAVI","","30","8","1","ASYN","26-AUG-23","08-DEC-23","20","0","20"
"17","19618","CS","469","DATA ANALYTICS-CYBERSECURITY","3","20","3","","SC208","A","I","E","ASYN","Y","HOURS ARR","","WEB5","","","MUKKAMALA,RAVI","","30","8","1","ASYN","26-AUG-23","08-DEC-23","20","0","20"
"10","19619","CS","469","DATA ANALYTICS-CYBERSECURITY","3","10","0","","SC208","A","I","H","ASYN","Y","HOURS ARR","","WEB7","","","MUKKAMALA,RAVI","","30","8","1","ASYN","26-AUG-23","08-DEC-23","20","0","20"
"0","14619","CS","471","OPERATING SYSTEMS","3","11","11","","SC131","A","I","B","ASYN","Y","HOURS ARR","","WEB2","","","STAFF","","50","37","1","ASYN","26-AUG-23","08-DEC-23","20","0","20"
"13","14620","CS","471","OPERATING SYSTEMS","3","50","20","","SC131","A","I","E","ASYN","Y","HOURS ARR","","WEB5","","","STAFF","","50","37","1","ASYN","26-AUG-23","08-DEC-23","20","0","20"
"13","14621","CS","471","OPERATING SYSTEMS","3","50","1","","SC131","A","I","H","ASYN","Y","HOURS ARR","","WEB7","","","STAFF","","50","37","1","ASYN","26-AUG-23","08-DEC-23","20","0","20"
"39","19146","CS","471","OPERATING SYSTEMS","3","50","10","","SCCAE","A","","A","TRAD","Y"," 200- 250PM","MWF","DRGS","1117","","STAFF","","50","11","1","CLAS","26-AUG-23","08-DEC-23","20","0","20"
"18","11993","CS","480","INTRO-ARTIFICIAL INTELLIGENCE","3","20","2","","SC082","A","S","A","TRAD","Y"," 300- 415PM","TR","DRGS","1117","","LI,YAOHANG","","50","19","1","CLAS","26-AUG-23","08-DEC-23","20","0","20"
"27","20090","CS","480","INTRO-ARTIFICIAL INTELLIGENCE","3","30","3","","SC082","A","I","B","SYNC","Y"," 300- 415PM","TR","WC2","","O","LI,YAOHANG","","50","19","1","SYNC","26-AUG-23","08-DEC-23","20","0","20"
"7","20091","CS","480","INTRO-ARTIFICIAL INTELLIGENCE","3","10","3","","SC082","A","I","E","SYNC","Y"," 300- 415PM","TR","WC5","","O","LI,YAOHANG","","50","19","1","SYNC","26-AUG-23","08-DEC-23","20","0","20"
"4","20092","CS","480","INTRO-ARTIFICIAL INTELLIGENCE","3","5","1","","SC082","A","I","H","SYNC","Y"," 300- 415PM","TR","WC7","","O","LI,YAOHANG","","50","19","1","SYNC","26-AUG-23","08-DEC-23","20","0","20"
"4","19455","CS","491","HONORS RESEARCH I-COMPUTER SCI","3","5","1","","","A","","A","ASYN","Y","HOURS ARR","","TBA","TBA","","HE,JING","IN","","1","1","ASYN","26-AUG-23","08-DEC-23","0","0","0"
"18","22781","CS","495","TPCS: QUANTUM COMPUTING","3","20","1","","SCCAB","A","","A","TRAD","Y"," 300- 415PM","MW","ECSB","3104","","CHRISOCHOID,NICOLAOS","","20","2","1","CLAS","26-AUG-23","08-DEC-23","0","0","0"
"10","14431","CS","497","INDEPENDENT STUDY","3","10","0","","","E","","A","ASYN","Y","HOURS ARR","","TBA","TBA","","POURSARDAR,FARYANEH","IN","","0","1","ASYN","26-AUG-23","08-DEC-23","0","0","0"
"0","16928","CS","497","INDEPENDENT STUDY","3","0","0","","","E","","A","ASYN","Y","HOURS ARR","","TBA","TBA","","CHRISOCHOID,NICOLAOS","IN","","0","1","ASYN","26-AUG-23","08-DEC-23","0","0","0"
"1","17009","CS","497","INDEPENDENT STUDY","3","1","0","","","E","I","H","ASYN","Y","HOURS ARR","","IND7","","","BRUNELLE,JANET","","","0","1","ASYN","26-AUG-23","08-DEC-23","20","0","20"
"5","17879","CS","497","INDEPENDENT STUDY","3","5","0","","","E","","A","ASYN","Y","HOURS ARR","","TBA","TBA","","HE,JING","IN","","0","1","ASYN","26-AUG-23","08-DEC-23","0","0","0"
"27","20984","CS","500","FOUNDATIONS OF COMPUTING","3","30","3","","SC244","A","I","O","ASYN","Y","HOURS ARR","","WEB2","","","RANJAN,DESH","","50","9","1","ASYN","26-AUG-23","08-DEC-23","20","0","20"
"41","20985","CS","500","FOUNDATIONS OF COMPUTING","3","50","6","","SC244","A","I","R","ASYN","Y","HOURS ARR","","WEB5","","","RANJAN,DESH","","50","9","1","ASYN","26-AUG-23","08-DEC-23","20","0","20"
"41","20986","CS","500","FOUNDATIONS OF COMPUTING","3","50","0","","SC244","A","I","U","ASYN","Y","HOURS ARR","","WEB7","","","RANJAN,DESH","","50","9","1","ASYN","26-AUG-23","08-DEC-23","20","0","20"
"19","17237","CS","517","COMPUTATIONAL METH & SOFTWARE","3","30","1","","SC130","A","I","O","SYNC","Y"," 130- 245PM","TR","WC2","","O","KENNEDY,THOMAS","","50","31","1","SYNC","26-AUG-23","08-DEC-23","20","0","20"
"10","17238","CS","517","COMPUTATIONAL METH & SOFTWARE","3","10","0","","SC130","A","I","R","SYNC","Y"," 130- 245PM","TR","WC5","","O","KENNEDY,THOMAS","","50","31","1","SYNC","26-AUG-23","08-DEC-23","20","0","20"
"10","17239","CS","517","COMPUTATIONAL METH & SOFTWARE","3","10","0","","SC130","A","I","U","SYNC","Y"," 130- 245PM","TR","WC7","","O","KENNEDY,THOMAS","","50","31","1","SYNC","26-AUG-23","08-DEC-23","20","0","20"
"7","17378","CS","517","COMPUTATIONAL METH & SOFTWARE","3","10","3","","SC130","A","S","N","TRAD","Y"," 130- 245PM","TR","GORNT","0201","O","KENNEDY,THOMAS","","50","31","1","CLAS","26-AUG-23","08-DEC-23","20","0","20"
"19","12505","CS","518","WEB PROGRAMMING","3","25","6","","SCCAA","A","","N","TRAD","Y"," 300- 415PM","TR","MGB","0128","O","WU,JIAN","","40","11","1","CLAS","26-AUG-23","08-DEC-23","20","0","20"
"17","23008","CS","522","INTRO TO MACHINE LEARNING","3","18","1","","SC249","A","I","O","SYNC","Y"," 300- 415PM","MW","WC2","","O","SUN,JIANGWEN","","30","10","1","SYNC","26-AUG-23","08-DEC-23","20","0","20"
"20","23009","CS","522","INTRO TO MACHINE LEARNING","3","30","1","","SC249","A","I","R","SYNC","Y"," 300- 415PM","MW","WC5","","O","SUN,JIANGWEN","","30","10","1","SYNC","26-AUG-23","08-DEC-23","20","0","20"
"20","23010","CS","522","INTRO TO MACHINE LEARNING","3","30","0","","SC249","A","I","U","SYNC","Y"," 300- 415PM","MW","WC7","","O","SUN,JIANGWEN","","30","10","1","SYNC","26-AUG-23","08-DEC-23","20","0","20"
"20","18572","CS","532","WEB SCIENCE","3","24","4","","SC014","A","I","O","ASYN","Y","HOURS ARR","","WEB2","","","WEIGLE,MICHELE","","40","15","1","ASYN","26-AUG-23","08-DEC-23","20","0","20"
"17","18573","CS","532","WEB SCIENCE","3","20","3","","SC014","A","I","R","ASYN","Y","HOURS ARR","","WEB5","","","WEIGLE,MICHELE","","40","15","1","ASYN","26-AUG-23","08-DEC-23","20","0","20"
"10","18574","CS","532","WEB SCIENCE","3","10","0","","SC014","A","I","U","ASYN","Y","HOURS ARR","","WEB7","","","WEIGLE,MICHELE","","40","15","1","ASYN","26-AUG-23","08-DEC-23","20","0","20"
"14","23046","CS","533","WEB SECURITY","3","18","4","","SC251","A","I","O","ASYN","Y","HOURS ARR","","WEB2","","","NELSON,MICHAEL","","30","5","1","ASYN","26-AUG-23","08-DEC-23","20","0","20"
"25","23047","CS","533","WEB SECURITY","3","30","1","","SC251","A","I","R","ASYN","Y","HOURS ARR","","WEB5","","","NELSON,MICHAEL","","30","5","1","ASYN","26-AUG-23","08-DEC-23","20","0","20"
"25","23048","CS","533","WEB SECURITY","3","30","0","","SC251","A","I","U","ASYN","Y","HOURS ARR","","WEB7","","","NELSON,MICHAEL","","30","5","1","ASYN","26-AUG-23","08-DEC-23","20","0","20"
"13","21762","CS","541","APP DEVELOPMENT SMART DEVICES","3","18","5","","SC040","A","I","O","SYNC","Y"," 710- 825PM","MW","WC2","","O","LEE,KWANG","","30","7","1","SYNC","26-AUG-23","08-DEC-23","20","0","20"
"8","21763","CS","541","APP DEVELOPMENT SMART DEVICES","3","10","2","","SC040","A","I","R","SYNC","Y"," 710- 825PM","MW","WC5","","O","LEE,KWANG","","30","7","1","SYNC","26-AUG-23","08-DEC-23","20","0","20"
"5","21764","CS","541","APP DEVELOPMENT SMART DEVICES","3","5","0","","SC040","A","I","U","SYNC","Y"," 710- 825PM","MW","WC7","","O","LEE,KWANG","","30","7","1","SYNC","26-AUG-23","08-DEC-23","20","0","20"
"3","15187","CS","550","DATABASE CONCEPTS","3","24","18","","SC053","A","I","O","SYNC","Y"," 300- 415PM","TR","WC2","","O","GANJIGUNTE ,VIKAS","","40","37","1","SYNC","26-AUG-23","08-DEC-23","20","0","20"
"3","15188","CS","550","DATABASE CONCEPTS","3","40","1","","SC053","A","I","R","SYNC","Y"," 300- 415PM","TR","WC5","","O","GANJIGUNTE ,VIKAS","","40","37","1","SYNC","26-AUG-23","08-DEC-23","20","0","20"
"3","15189","CS","550","DATABASE CONCEPTS","3","20","0","","SC053","A","I","U","SYNC","Y"," 300- 415PM","TR","WC7","","O","GANJIGUNTE ,VIKAS","","40","37","1","SYNC","26-AUG-23","08-DEC-23","20","0","20"
"3","20972","CS","550","DATABASE CONCEPTS","3","10","5","","SC053","A","S","N","TRAD","Y"," 300- 415PM","TR","DRGS","2117","O","GANJIGUNTE ,VIKAS","","40","37","1","CLAS","26-AUG-23","08-DEC-23","20","0","20"
"24","24057","CS","550","DATABASE CONCEPTS","3","24","0","","SC029","A","I","O","SYNC","Y"," 710- 950PM","W","WC2","","O","RIZVI,SYED","","40","1","1","SYNC","26-AUG-23","08-DEC-23","20","0","20"
"20","24058","CS","550","DATABASE CONCEPTS","3","20","0","","SC029","A","I","R","SYNC","Y"," 710- 950PM","W","WC5","","O","RIZVI,SYED","","40","1","1","SYNC","26-AUG-23","08-DEC-23","20","0","20"
"10","24059","CS","550","DATABASE CONCEPTS","3","10","0","","SC029","A","I","U","SYNC","Y"," 710- 950PM","W","WC7","","O","RIZVI,SYED","","40","1","1","SYNC","26-AUG-23","08-DEC-23","20","0","20"
"0","21002","CS","555","INTRO-NETWORKS & COMMUNICATION","3","7","7","","SC245","A","S","N","TRAD","Y","1100-1215PM","TR","GORNT","0217","O","IBRAHIM,SOAD","","50","33","1","CLAS","26-AUG-23","08-DEC-23","20","1","19"
"17","21003","CS","555","INTRO-NETWORKS & COMMUNICATION","3","30","7","","SC245","A","I","O","SYNC","Y","1100-1215PM","TR","WC2","","O","IBRAHIM,SOAD","","50","33","1","SYNC","26-AUG-23","08-DEC-23","20","0","20"
"17","21004","CS","555","INTRO-NETWORKS & COMMUNICATION","3","50","1","","SC245","A","I","R","SYNC","Y","1100-1215PM","TR","WC5","","O","IBRAHIM,SOAD","","50","33","1","SYNC","26-AUG-23","08-DEC-23","20","0","20"
"17","21005","CS","555","INTRO-NETWORKS & COMMUNICATION","3","50","0","","SC245","A","I","U","SYNC","Y","1100-1215PM","TR","WC7","","O","IBRAHIM,SOAD","","50","33","1","SYNC","26-AUG-23","08-DEC-23","20","0","20"
"1","14290","CS","562","CYBERSECURITY FUNDAMENTALS","3","50","0","","SC055","A","I","U","ASYN","Y","HOURS ARR","","WEB7","","","ZEHRA,SUSAN","","50","49","1","ASYN","26-AUG-23","08-DEC-23","20","0","20"
"2","15877","CS","562","CYBERSECURITY FUNDAMENTALS","3","30","3","","SC085","A","I","O","ASYN","Y","HOURS ARR","","WEB2","","","CARTLEDGE,CHARLES","","50","48","1","ASYN","26-AUG-23","08-DEC-23","20","0","20"
"1","18551","CS","562","CYBERSECURITY FUNDAMENTALS","3","30","3","","SC055","A","I","O","ASYN","Y","HOURS ARR","","WEB2","","","ZEHRA,SUSAN","","50","49","1","ASYN","26-AUG-23","08-DEC-23","20","0","20"
"1","18552","CS","562","CYBERSECURITY FUNDAMENTALS","3","50","2","","SC055","A","I","R","ASYN","Y","HOURS ARR","","WEB5","","","ZEHRA,SUSAN","","50","49","1","ASYN","26-AUG-23","08-DEC-23","20","0","20"
"8","20187","CS","562","CYBERSECURITY FUNDAMENTALS","3","30","3","","SC219","A","I","O","ASYN","Y","HOURS ARR","","WEB2","","","ZEHRA,SUSAN","","50","42","1","ASYN","26-AUG-23","08-DEC-23","20","0","20"
"8","20188","CS","562","CYBERSECURITY FUNDAMENTALS","3","20","2","","SC219","A","I","R","ASYN","Y","HOURS ARR","","WEB5","","","ZEHRA,SUSAN","","50","42","1","ASYN","26-AUG-23","08-DEC-23","20","0","20"
"2","20189","CS","562","CYBERSECURITY FUNDAMENTALS","3","5","0","","SC085","A","I","U","ASYN","Y","HOURS ARR","","WEB7","","","CARTLEDGE,CHARLES","","50","48","1","ASYN","26-AUG-23","08-DEC-23","20","0","20"
"2","22146","CS","562","CYBERSECURITY FUNDAMENTALS","3","10","0","","SC085","A","I","R","ASYN","Y","HOURS ARR","","WEB5","","","CARTLEDGE,CHARLES","","50","48","1","ASYN","26-AUG-23","08-DEC-23","20","0","20"
"2","12985","CS","563","CRYPTOGRAPHY FOR CYBERSECURITY","3","30","0","","SC063","A","I","O","ASYN","Y","HOURS ARR","","WEB2","","","ZEHRA,SUSAN","","50","48","1","ASYN","26-AUG-23","08-DEC-23","20","0","20"
"2","14291","CS","563","CRYPTOGRAPHY FOR CYBERSECURITY","3","12","2","","SC063","A","I","R","ASYN","Y","HOURS ARR","","WEB5","","","ZEHRA,SUSAN","","50","48","1","ASYN","26-AUG-23","08-DEC-23","20","0","20"
"2","14292","CS","563","CRYPTOGRAPHY FOR CYBERSECURITY","3","10","0","","SC063","A","I","U","ASYN","Y","HOURS ARR","","WEB7","","","ZEHRA,SUSAN","","50","48","1","ASYN","26-AUG-23","08-DEC-23","20","0","20"
"0","19332","CS","563","CRYPTOGRAPHY FOR CYBERSECURITY","3","30","0","","SC171","A","I","O","ASYN","Y","HOURS ARR","","WEB2","","","CARTLEDGE,CHARLES","","50","50","1","ASYN","26-AUG-23","08-DEC-23","20","0","20"
"0","19333","CS","563","CRYPTOGRAPHY FOR CYBERSECURITY","3","12","1","","SC171","A","I","R","ASYN","Y","HOURS ARR","","WEB5","","","CARTLEDGE,CHARLES","","50","50","1","ASYN","26-AUG-23","08-DEC-23","20","0","20"
"0","19334","CS","563","CRYPTOGRAPHY FOR CYBERSECURITY","3","10","0","","SC171","A","I","U","ASYN","Y","HOURS ARR","","WEB7","","","CARTLEDGE,CHARLES","","50","50","1","ASYN","26-AUG-23","08-DEC-23","20","0","20"
"0","18922","CS","564","NETWORKED SYSTEMS SECURITY","3","30","0","","SC155","A","I","O","ASYN","Y","HOURS ARR","","WEB2","","","RUNYAN,DARICH","","50","50","1","ASYN","26-AUG-23","08-DEC-23","20","0","20"
"0","18923","CS","564","NETWORKED SYSTEMS SECURITY","3","50","7","","SC155","A","I","R","ASYN","Y","HOURS ARR","","WEB5","","","RUNYAN,DARICH","","50","50","1","ASYN","26-AUG-23","08-DEC-23","20","0","20"
"0","18924","CS","564","NETWORKED SYSTEMS SECURITY","3","50","2","","SC155","A","I","U","ASYN","Y","HOURS ARR","","WEB7","","","RUNYAN,DARICH","","50","50","1","ASYN","26-AUG-23","08-DEC-23","20","0","20"
"30","19347","CS","564","NETWORKED SYSTEMS SECURITY","3","30","0","","SC162","A","I","O","ASYN","N","HOURS ARR","","WEB2","","","STAFF","","50","0","1","ASYN","26-AUG-23","08-DEC-23","20","0","20"
"50","19348","CS","564","NETWORKED SYSTEMS SECURITY","3","50","0","","SC162","A","I","R","ASYN","N","HOURS ARR","","WEB5","","","STAFF","","50","0","1","ASYN","26-AUG-23","08-DEC-23","20","0","20"
"50","19349","CS","564","NETWORKED SYSTEMS SECURITY","3","50","0","","SC162","A","I","U","ASYN","N","HOURS ARR","","WEB7","","","STAFF","","50","0","1","ASYN","26-AUG-23","08-DEC-23","20","0","20"
"13","17297","CS","567","INTRO REVERSE SOFTWARE ENGIN","3","25","6","","SCCAT","A","","N","TRAD","Y"," 710- 950PM","M","MHALL","1113B","O","NING,RUI","","25","12","1","CLAS","26-AUG-23","08-DEC-23","20","0","20"
"17","19620","CS","569","DATA ANALYTICS-CYBERSECURITY","3","18","1","","SC208","A","I","O","ASYN","Y","HOURS ARR","","WEB2","","","MUKKAMALA,RAVI","","30","8","1","ASYN","26-AUG-23","08-DEC-23","20","0","20"
"17","19621","CS","569","DATA ANALYTICS-CYBERSECURITY","3","20","3","","SC208","A","I","R","ASYN","Y","HOURS ARR","","WEB5","","","MUKKAMALA,RAVI","","30","8","1","ASYN","26-AUG-23","08-DEC-23","20","0","20"
"9","19622","CS","569","DATA ANALYTICS-CYBERSECURITY","3","10","1","","SC208","A","I","U","ASYN","Y","HOURS ARR","","WEB7","","","MUKKAMALA,RAVI","","30","8","1","ASYN","26-AUG-23","08-DEC-23","20","0","20"
"2","21566","CS","571","OPERATING SYSTEMS","3","5","3","","SC131","A","I","O","ASYN","Y","HOURS ARR","","WEB2","","","STAFF","","50","37","1","ASYN","26-AUG-23","08-DEC-23","20","0","20"
"13","21567","CS","571","OPERATING SYSTEMS","3","50","1","","SC131","A","I","R","ASYN","Y","HOURS ARR","","WEB5","","","STAFF","","50","37","1","ASYN","26-AUG-23","08-DEC-23","20","0","20"
"13","21568","CS","571","OPERATING SYSTEMS","3","50","1","","SC131","A","I","U","ASYN","Y","HOURS ARR","","WEB7","","","STAFF","","50","37","1","ASYN","26-AUG-23","08-DEC-23","20","0","20"
"39","21569","CS","571","OPERATING SYSTEMS","3","50","1","","SCCAE","A","","N","TRAD","Y"," 200- 250PM","MWF","DRGS","1117","O","STAFF","","50","11","1","CLAS","26-AUG-23","08-DEC-23","20","0","20"
"27","11994","CS","580","INTRO-ARTICIFICAL INTELLIGENCE","3","30","3","","SC082","A","S","N","TRAD","Y"," 300- 415PM","TR","DRGS","1117","O","LI,YAOHANG","","50","19","1","CLAS","26-AUG-23","08-DEC-23","20","0","20"
"29","20981","CS","580","INTRO-ARTICIFICAL INTELLIGENCE","3","30","1","","SC082","A","I","O","SYNC","Y"," 300- 415PM","TR","WC2","","O","LI,YAOHANG","","50","19","1","SYNC","26-AUG-23","08-DEC-23","20","0","20"
"4","20982","CS","580","INTRO-ARTICIFICAL INTELLIGENCE","3","10","6","","SC082","A","I","R","SYNC","Y"," 300- 415PM","TR","WC5","","O","LI,YAOHANG","","50","19","1","SYNC","26-AUG-23","08-DEC-23","20","0","20"
"5","20983","CS","580","INTRO-ARTICIFICAL INTELLIGENCE","3","5","0","","SC082","A","I","U","SYNC","Y"," 300- 415PM","TR","WC7","","O","LI,YAOHANG","","50","19","1","SYNC","26-AUG-23","08-DEC-23","20","0","20"
"18","23900","CS","595","TPCS: QUANTUM COMPUTING","3","20","1","","SCCAB","A","","N","TRAD","Y"," 300- 415PM","MW","ECSB","3104","O","CHRISOCHOID,NICOLAOS","","20","2","1","CLAS","26-AUG-23","08-DEC-23","0","0","0"
"1","20987","CS","600","ALGORITHMS AND DATA STRUCTURES","3","25","24","","SC057","A","S","N","TRAD","Y"," 300- 415PM","MW","ECSB","2120","","CHERNIKOV,ANDREY","","50","49","1","CLAS","26-AUG-23","08-DEC-23","20","3","17"
"1","20988","CS","600","ALGORITHMS AND DATA STRUCTURES","3","30","23","","SC057","A","I","O","SYNC","Y"," 300- 415PM","MW","WC2","","O","CHERNIKOV,ANDREY","","50","49","1","SYNC","26-AUG-23","08-DEC-23","20","0","20"
"1","20989","CS","600","ALGORITHMS AND DATA STRUCTURES","3","40","2","","SC057","A","I","R","SYNC","Y"," 300- 415PM","MW","WC5","","O","CHERNIKOV,ANDREY","","50","49","1","SYNC","26-AUG-23","08-DEC-23","20","0","20"
"1","20990","CS","600","ALGORITHMS AND DATA STRUCTURES","3","40","0","","SC057","A","I","U","SYNC","Y"," 300- 415PM","MW","WC7","","O","CHERNIKOV,ANDREY","","50","49","1","SYNC","26-AUG-23","08-DEC-23","20","0","20"
"35","23826","CS","600","ALGORITHMS AND DATA STRUCTURES","3","35","0","","SC092","A","S","N","TRAD","Y"," 420- 700PM","M","OCNPS","0204","","HE,YI","","50","7","1","CLAS","26-AUG-23","08-DEC-23","20","0","20"
"7","23827","CS","600","ALGORITHMS AND DATA STRUCTURES","3","10","3","","SC092","A","I","O","SYNC","Y"," 420- 700PM","M","WC2","","O","HE,YI","","50","7","1","SYNC","26-AUG-23","08-DEC-23","20","0","20"
"12","23828","CS","600","ALGORITHMS AND DATA STRUCTURES","3","15","3","","SC092","A","I","R","SYNC","Y"," 420- 700PM","M","WC5","","O","HE,YI","","50","7","1","SYNC","26-AUG-23","08-DEC-23","20","0","20"
"4","23829","CS","600","ALGORITHMS AND DATA STRUCTURES","3","5","1","","SC092","A","I","U","SYNC","Y"," 420- 700PM","M","WC7","","O","HE,YI","","50","7","1","SYNC","26-AUG-23","08-DEC-23","20","0","20"
"3","18296","CS","620","INTRO-DATA SCIENCE & ANALYTICS","3","30","26","","SC077","A","I","O","SYNC","Y"," 545- 700PM","TR","WC2","","O","JAYARATHNA,UKWATTA","","40","37","1","SYNC","26-AUG-23","08-DEC-23","20","0","20"
"3","18297","CS","620","INTRO-DATA SCIENCE & ANALYTICS","3","40","8","","SC077","A","I","R","SYNC","Y"," 545- 700PM","TR","WC5","","O","JAYARATHNA,UKWATTA","","40","37","1","SYNC","26-AUG-23","08-DEC-23","20","0","20"
"3","18298","CS","620","INTRO-DATA SCIENCE & ANALYTICS","3","40","3","","SC077","A","I","U","SYNC","Y"," 545- 700PM","TR","WC7","","O","JAYARATHNA,UKWATTA","","40","37","1","SYNC","26-AUG-23","08-DEC-23","20","0","20"
"24","19367","CS","620","INTRO-DATA SCIENCE & ANALYTICS","3","30","6","","","A","","N","TRAD","Y","1100-1215PM","TR","ECSB","2120","","HE,YI","","","6","1","CLAS","26-AUG-23","08-DEC-23","0","0","0"
"2","17317","CS","625","DATA VISUALIZATION","3","25","5","","SC072","A","S","N","TRAD","Y"," 930-1045AM","TR","DRGS","2104","","POURSARDAR,FARYANEH","","25","23","1","CLAS","26-AUG-23","08-DEC-23","20","0","20"
"2","17320","CS","625","DATA VISUALIZATION","3","25","6","","SC072","A","I","O","SYNC","Y"," 930-1045AM","TR","WC2","","O","POURSARDAR,FARYANEH","","25","23","1","SYNC","26-AUG-23","08-DEC-23","20","0","20"
"2","17321","CS","625","DATA VISUALIZATION","3","25","10","","SC072","A","I","R","SYNC","Y"," 930-1045AM","TR","WC5","","O","POURSARDAR,FARYANEH","","25","23","1","SYNC","26-AUG-23","08-DEC-23","20","0","20"
"2","17322","CS","625","DATA VISUALIZATION","3","25","2","","SC072","A","I","U","SYNC","Y"," 930-1045AM","TR","WC7","","O","POURSARDAR,FARYANEH","","25","23","1","SYNC","26-AUG-23","08-DEC-23","20","0","20"
"15","23408","CS","625","DATA VISUALIZATION","3","25","10","","","A","","N","TRAD","Y","1100-1215PM","TR","BAL","2063","","WEIGLE,MICHELE","","","10","1","CLAS","26-AUG-23","08-DEC-23","0","0","0"
"4","18939","CS","665","COMPUTER ARCHITECTURE","3","35","31","","SC156","A","I","O","ASYN","Y","HOURS ARR","","WEB2","","","OLARIU,STEPHAN","","50","43","1","ASYN","26-AUG-23","08-DEC-23","20","0","20"
"7","18940","CS","665","COMPUTER ARCHITECTURE","3","50","12","","SC156","A","I","R","ASYN","Y","HOURS ARR","","WEB5","","","OLARIU,STEPHAN","","50","43","1","ASYN","26-AUG-23","08-DEC-23","20","0","20"
"7","18941","CS","665","COMPUTER ARCHITECTURE","3","50","0","","SC156","A","I","U","ASYN","Y","HOURS ARR","","WEB7","","","OLARIU,STEPHAN","","50","43","1","ASYN","26-AUG-23","08-DEC-23","20","0","20"
"20","23082","CS","668","INTERNSHIP","3","20","0","","","J","","N","ASYN","Y","HOURS ARR","","TBA","TBA","","WEIGLE,MICHELE","IN","","0","1","ASYN","26-AUG-23","08-DEC-23","0","0","0"
"7","12160","CS","690","COLLOQUIUM","1","20","13","","","A","","N","TRAD","Y","1030-1150AM","F","OCNPS","0202","","ZEIL,STEVEN","","","13","1","CLAS","26-AUG-23","08-DEC-23","0","0","0"
"3","15889","CS","690","COLLOQUIUM","1","5","2","","SC133","A","I","O","ASYN","Y","HOURS ARR","","WEB2","","","ZEIL,STEVEN","","50","7","1","ASYN","26-AUG-23","08-DEC-23","20","0","20"
"43","15890","CS","690","COLLOQUIUM","1","50","5","","SC133","A","I","R","ASYN","Y","HOURS ARR","","WEB5","","","ZEIL,STEVEN","","50","7","1","ASYN","26-AUG-23","08-DEC-23","20","0","20"
"43","15891","CS","690","COLLOQUIUM","1","50","0","","SC133","A","I","U","ASYN","Y","HOURS ARR","","WEB7","","","ZEIL,STEVEN","","50","7","1","ASYN","26-AUG-23","08-DEC-23","20","0","20"
"48","23411","CS","690","COLLOQUIUM","1","50","2","","","A","","N","TRAD","Y","1030-1200PM","F","ECSB","TBA","","ZEIL,STEVEN","","","2","1","CLAS","26-AUG-23","08-DEC-23","0","0","0"
"5","10501","CS","697","INDEPENDENT STUDY IN C S","3","5","0","","","E","","N","IND","Y","HOURS ARR","","TBA","TBA","","POURSARDAR,FARYANEH","IN","","0","1","ASYN","26-AUG-23","08-DEC-23","0","0","0"
"5","10502","CS","697","INDEPENDENT STUDY IN C S","2","5","0","","","E","","N","ASYN","Y","HOURS ARR","","TBA","TBA","","OLARIU,STEPHAN","IN","","0","1","ASYN","26-AUG-23","08-DEC-23","0","0","0"
"20","11000","CS","697","INDEPENDENT STUDY IN C S","3","20","0","","","E","","N","ASYN","Y","HOURS ARR","","TBA","TBA","","WEIGLE,MICHELE","IN","","0","1","ASYN","26-AUG-23","08-DEC-23","0","0","0"
"5","14444","CS","697","INDEPENDENT STUDY IN C S","3","5","0","","","E","","N","ASYN","Y","HOURS ARR","","TBA","TBA","","CHRISOCHOID,NICOLAOS","IN","","0","1","ASYN","26-AUG-23","08-DEC-23","0","0","0"
"5","16073","CS","697","INDEPENDENT STUDY IN C S","3","5","0","","","E","","N","IND","Y","HOURS ARR","","TBA","TBA","","WU,JIAN","IN","","0","1","ASYN","26-AUG-23","08-DEC-23","0","0","0"
"5","16879","CS","697","INDEPENDENT STUDY IN C S","3","5","0","","","E","","N","ASYN","Y","HOURS ARR","","TBA","TBA","","MALY,KURT","IN","","0","1","ASYN","26-AUG-23","08-DEC-23","0","0","0"
"4","16937","CS","697","INDEPENDENT STUDY IN C S","3","5","1","","","E","","N","IND","Y","HOURS ARR","","TBA","TBA","","JAYARATHNA,UKWATTA","IN","","1","1","ASYN","26-AUG-23","08-DEC-23","0","0","0"
"5","16982","CS","697","INDEPENDENT STUDY IN C S","3","5","0","","","E","","N","ASYN","Y","HOURS ARR","","TBA","TBA","","HE,JING","IN","","0","1","ASYN","26-AUG-23","08-DEC-23","0","0","0"
"4","17892","CS","697","INDEPENDENT STUDY IN C S","3","5","1","","","E","","N","TRAD","Y","HOURS ARR","","TBA","TBA","","GANJIGUNTE ,VIKAS","IN","","1","1","ASYN","26-AUG-23","08-DEC-23","0","0","0"
"0","17922","CS","697","INDEPENDENT STUDY IN C S","3","5","5","","","E","","N","ASYN","Y","HOURS ARR","","TBA","TBA","","IBRAHIM,SOAD","IN","","5","1","ASYN","26-AUG-23","08-DEC-23","0","0","0"
"3","23752","CS","697","INDEPENDENT STUDY IN C S","3","5","2","","","E","","N","ASYN","Y","HOURS ARR","","TBA","TBA","","HAO,SHUAI","IN","","2","1","ASYN","26-AUG-23","08-DEC-23","0","0","0"
"10","15507","CS","698","MASTER'S PROJECT","3","10","0","","","I","","N","ASYN","Y","HOURS ARR","","TBA","TBA","","WEIGLE,MICHELE","IN","","0","1","ASYN","26-AUG-23","08-DEC-23","0","0","0"
"4","15949","CS","698","MASTER'S PROJECT","3","5","1","","","I","","N","ASYN","Y","HOURS ARR","","TBA","TBA","","MUKKAMALA,RAVI","IN","","1","1","ASYN","26-AUG-23","08-DEC-23","0","0","0"
"5","16067","CS","698","MASTER'S PROJECT","3","5","0","","","I","","N","ASYN","Y","HOURS ARR","","TBA","TBA","","ZUBAIR,MOHAMMAD","IN","","0","1","ASYN","26-AUG-23","08-DEC-23","0","0","0"
"5","16940","CS","698","MASTER'S PROJECT","3","5","0","","","I","","N","ASYN","Y","HOURS ARR","","TBA","TBA","","LI,YAOHANG","IN","","0","1","ASYN","26-AUG-23","08-DEC-23","0","0","0"
"5","16992","CS","698","MASTER'S PROJECT","3","5","0","","","I","","N","ASYN","Y","HOURS ARR","","TBA","TBA","","CHERNIKOV,ANDREY","IN","","0","1","ASYN","26-AUG-23","08-DEC-23","0","0","0"
"5","12390","CS","699","THESIS RESEARCH","3","5","0","","","I","","N","ASYN","Y","HOURS ARR","","TBA","TBA","","MUKKAMALA,RAVI","IN","","0","1","ASYN","26-AUG-23","08-DEC-23","0","0","0"
"5","14445","CS","699","THESIS RESEARCH","3","5","0","","","I","","N","ASYN","Y","HOURS ARR","","TBA","TBA","","CHRISOCHOID,NICOLAOS","IN","","0","1","ASYN","26-AUG-23","08-DEC-23","0","0","0"
"5","15508","CS","699","THESIS RESEARCH","3","5","0","","","I","","N","ASYN","Y","HOURS ARR","","TBA","TBA","","WEIGLE,MICHELE","IN","","0","1","ASYN","26-AUG-23","08-DEC-23","0","0","0"
"5","16058","CS","699","THESIS RESEARCH","3","5","0","","","I","","N","ASYN","Y","HOURS ARR","","TBA","TBA","","MUKKAMALA,RAVI","IN","","0","1","ASYN","26-AUG-23","08-DEC-23","0","0","0"
"5","16070","CS","699","THESIS RESEARCH","3","5","0","","","I","","N","ASYN","Y","HOURS ARR","","TBA","TBA","","LI,YAOHANG","IN","","0","1","ASYN","26-AUG-23","08-DEC-23","0","0","0"
"5","16117","CS","699","THESIS RESEARCH","3","5","0","","","I","I","U","ASYN","Y","HOURS ARR","","IND7","","","STAFF","IN","","0","1","ASYN","26-AUG-23","08-DEC-23","20","0","20"
"5","16800","CS","699","THESIS RESEARCH","3","5","0","","","I","","N","ASYN","Y","HOURS ARR","","TBA","TBA","","HE,JING","IN","","0","1","ASYN","26-AUG-23","08-DEC-23","0","0","0"
"5","17859","CS","699","THESIS RESEARCH","3","5","0","","","I","","N","ASYN","Y","HOURS ARR","","TBA","TBA","","NELSON,MICHAEL","IN","","0","1","ASYN","26-AUG-23","08-DEC-23","0","0","0"
"9","19623","CS","722","MACHINE LEARNING","3","30","19","","SCCAP","A","","N","TRAD","Y"," 930-1045AM","TR","ECSB","2120","","SUN,JIANGWEN","","30","21","1","CLAS","26-AUG-23","08-DEC-23","20","0","20"
"8","21043","CS","723","INTRODUCTION BIOINFORMATICS","3","20","7","","SC097","A","I","R","ASYN","Y","HOURS ARR","","WEB5","","","HE,JING","","30","22","1","ASYN","26-AUG-23","08-DEC-23","20","0","20"
"5","21044","CS","723","INTRODUCTION BIOINFORMATICS","3","5","0","","SC097","A","I","U","ASYN","Y","HOURS ARR","","WEB7","","","HE,JING","","30","22","1","ASYN","26-AUG-23","08-DEC-23","20","0","20"
"8","21613","CS","723","INTRODUCTION BIOINFORMATICS","3","18","4","","SC097","A","I","O","ASYN","Y","HOURS ARR","","WEB2","","","HE,JING","","30","22","1","ASYN","26-AUG-23","08-DEC-23","20","0","20"
"1","20963","CS","733","NATURAL LANGUAGE PROCESSING","3","9","6","","SC242","A","S","N","TRAD","Y"," 130- 245PM","TR","GORNT","0205","","GANJIGUNTE ,VIKAS","","30","29","1","CLAS","26-AUG-23","08-DEC-23","20","7","13"
"1","20964","CS","733","NATURAL LANGUAGE PROCESSING","3","18","17","","SC242","A","I","O","SYNC","Y"," 130- 245PM","TR","WC2","","O","GANJIGUNTE ,VIKAS","","30","29","1","SYNC","26-AUG-23","08-DEC-23","20","3","17"
"1","20965","CS","733","NATURAL LANGUAGE PROCESSING","3","30","0","","SC242","A","I","R","SYNC","Y"," 130- 245PM","TR","WC5","","O","GANJIGUNTE ,VIKAS","","30","29","1","SYNC","26-AUG-23","08-DEC-23","20","1","19"
"1","20966","CS","733","NATURAL LANGUAGE PROCESSING","3","5","0","","SC242","A","I","U","SYNC","Y"," 130- 245PM","TR","WC7","","O","GANJIGUNTE ,VIKAS","","30","29","1","SYNC","26-AUG-23","08-DEC-23","20","0","20"
"14","22783","CS","734","INTRO INFO RETRIEVAL","3","25","6","","SCCAS","A","","N","TRAD","Y"," 545- 825PM","T","DRGS","2106","","WU,JIAN","","25","11","1","CLAS","26-AUG-23","08-DEC-23","20","0","20"
"11","22999","CS","752","WIRELESS COMM/MOBILE COMPUTING","3","18","5","","SC247","A","I","O","ASYN","Y","HOURS ARR","","WEB2","","","OLARIU,STEPHAN","","30","19","1","ASYN","26-AUG-23","08-DEC-23","20","0","20"
"11","23000","CS","752","WIRELESS COMM/MOBILE COMPUTING","3","30","10","","SC247","A","I","R","ASYN","Y","HOURS ARR","","WEB5","","","OLARIU,STEPHAN","","30","19","1","ASYN","26-AUG-23","08-DEC-23","20","0","20"
"11","23001","CS","752","WIRELESS COMM/MOBILE COMPUTING","3","30","0","","SC247","A","I","U","ASYN","Y","HOURS ARR","","WEB7","","","OLARIU,STEPHAN","","30","19","1","ASYN","26-AUG-23","08-DEC-23","20","0","20"
"3","20992","CS","761","MALWARE ANAL AND REVERSE ENG","3","22","19","","SC019","A","I","O","ASYN","Y","HOURS ARR","","WEB2","","","HAO,SHUAI","","30","27","1","ASYN","26-AUG-23","08-DEC-23","20","3","17"
"3","20993","CS","761","MALWARE ANAL AND REVERSE ENG","3","15","2","","SC019","A","I","R","ASYN","Y","HOURS ARR","","WEB5","","","HAO,SHUAI","","30","27","1","ASYN","26-AUG-23","08-DEC-23","20","0","20"
"3","20994","CS","761","MALWARE ANAL AND REVERSE ENG","3","15","0","","SC019","A","I","U","ASYN","Y","HOURS ARR","","WEB7","","","HAO,SHUAI","","30","27","1","ASYN","26-AUG-23","08-DEC-23","20","0","20"
"5","23737","CS","791","GRADUATE SEMINAR","3","5","0","","SCCAD","D","","N","TRAD","Y"," 420- 700PM","F","ECSB","TBA","O","ZUBAIR,MOHAMMAD","IN","10","1","1","CLAS","26-AUG-23","08-DEC-23","0","0","0"
"6","20973","CS","795","TPCS:PATTERN RECOGN & ANALYSIS","3","25","0","","SC243","A","S","N","TRAD","Y"," 545- 700PM","TR","ECSB","2120","","LI,LUSI","","25","19","1","CLAS","26-AUG-23","08-DEC-23","0","0","0"
"6","20974","CS","795","TPCS:PATTERN RECOGN & ANALYSIS","3","15","3","","SC243","A","I","O","SYNC","Y"," 545- 700PM","TR","WC2","","O","LI,LUSI","","25","19","1","SYNC","26-AUG-23","08-DEC-23","20","0","20"
"6","20975","CS","795","TPCS:PATTERN RECOGN & ANALYSIS","3","25","2","","SC243","A","I","R","SYNC","Y"," 545- 700PM","TR","WC5","","O","LI,LUSI","","25","19","1","SYNC","26-AUG-23","08-DEC-23","20","0","20"
"6","20976","CS","795","TPCS:PATTERN RECOGN & ANALYSIS","3","25","0","","SC243","A","I","U","SYNC","Y"," 545- 700PM","TR","WC7","","O","LI,LUSI","","25","19","1","SYNC","26-AUG-23","08-DEC-23","20","0","20"
"9","19624","CS","822","MACHINE LEARNING","3","30","2","","SCCAP","A","","N","TRAD","Y"," 930-1045AM","TR","ECSB","2120","O","SUN,JIANGWEN","","30","21","1","CLAS","26-AUG-23","08-DEC-23","20","0","20"
"7","20863","CS","823","INTRODUCTION BIOINFORMATICS","3","18","11","","SC097","A","I","O","ASYN","Y","HOURS ARR","","WEB2","","","HE,JING","","30","22","1","ASYN","26-AUG-23","08-DEC-23","20","0","20"
"5","21045","CS","823","INTRODUCTION BIOINFORMATICS","3","5","0","","SC097","A","I","R","ASYN","Y","HOURS ARR","","WEB5","","","HE,JING","","30","22","1","ASYN","26-AUG-23","08-DEC-23","20","0","20"
"5","21046","CS","823","INTRODUCTION BIOINFORMATICS","3","5","0","","SC097","A","I","U","ASYN","Y","HOURS ARR","","WEB7","","","HE,JING","","30","22","1","ASYN","26-AUG-23","08-DEC-23","20","0","20"
"1","20967","CS","833","NATURAL LANGUAGE PROCESSING","3","9","5","","SC242","A","S","N","TRAD","Y"," 130- 245PM","TR","GORNT","0205","O","GANJIGUNTE ,VIKAS","","30","29","1","CLAS","26-AUG-23","08-DEC-23","20","3","17"
"1","20968","CS","833","NATURAL LANGUAGE PROCESSING","3","18","1","","SC242","A","I","O","SYNC","Y"," 130- 245PM","TR","WC2","","O","GANJIGUNTE ,VIKAS","","30","29","1","SYNC","26-AUG-23","08-DEC-23","20","0","20"
"1","20969","CS","833","NATURAL LANGUAGE PROCESSING","3","30","0","","SC242","A","I","R","SYNC","Y"," 130- 245PM","TR","WC5","","O","GANJIGUNTE ,VIKAS","","30","29","1","SYNC","26-AUG-23","08-DEC-23","20","0","20"
"1","20970","CS","833","NATURAL LANGUAGE PROCESSING","3","30","0","","SC242","A","I","U","SYNC","Y"," 130- 245PM","TR","WC7","","O","GANJIGUNTE ,VIKAS","","30","29","1","SYNC","26-AUG-23","08-DEC-23","20","0","20"
"14","22784","CS","834","INTRO INFO RETRIEVAL","3","25","5","","SCCAS","A","","N","TRAD","Y"," 545- 825PM","T","DRGS","2106","O","WU,JIAN","","25","11","1","CLAS","26-AUG-23","08-DEC-23","20","0","20"
"11","23002","CS","852","WIRELESS COMM/MOBILE COMPUTING","3","18","4","","SC247","A","I","O","ASYN","Y","HOURS ARR","","WEB2","","","OLARIU,STEPHAN","","30","19","1","ASYN","26-AUG-23","08-DEC-23","20","0","20"
"11","23003","CS","852","WIRELESS COMM/MOBILE COMPUTING","3","30","0","","SC247","A","I","R","ASYN","Y","HOURS ARR","","WEB5","","","OLARIU,STEPHAN","","30","19","1","ASYN","26-AUG-23","08-DEC-23","20","0","20"
"11","23004","CS","852","WIRELESS COMM/MOBILE COMPUTING","3","30","0","","SC247","A","I","U","ASYN","Y","HOURS ARR","","WEB7","","","OLARIU,STEPHAN","","30","19","1","ASYN","26-AUG-23","08-DEC-23","20","0","20"
"3","20995","CS","861","MALWARE ANAL AND REVERSE ENG","3","18","6","","SC019","A","I","O","ASYN","Y","HOURS ARR","","WEB2","","","HAO,SHUAI","","30","27","1","ASYN","26-AUG-23","08-DEC-23","20","0","20"
"3","20996","CS","861","MALWARE ANAL AND REVERSE ENG","3","15","0","","SC019","A","I","R","ASYN","Y","HOURS ARR","","WEB5","","","HAO,SHUAI","","30","27","1","ASYN","26-AUG-23","08-DEC-23","20","0","20"
"3","20997","CS","861","MALWARE ANAL AND REVERSE ENG","3","15","0","","SC019","A","I","U","ASYN","Y","HOURS ARR","","WEB7","","","HAO,SHUAI","","30","27","1","ASYN","26-AUG-23","08-DEC-23","20","0","20"
"4","23738","CS","891","GRADUATE SEMINAR","3","5","1","","SCCAD","D","","N","TRAD","Y"," 420- 700PM","F","ECSB","TBA","O","ZUBAIR,MOHAMMAD","IN","10","1","1","CLAS","26-AUG-23","08-DEC-23","0","0","0"
"6","20977","CS","895","TPCS:PATTERN RECOGN & ANALYSIS","3","25","12","","SC243","A","S","N","TRAD","Y"," 545- 700PM","TR","ECSB","2120","O","LI,LUSI","","25","19","1","CLAS","26-AUG-23","08-DEC-23","0","0","0"
"6","20978","CS","895","TPCS:PATTERN RECOGN & ANALYSIS","3","15","1","","SC243","A","I","O","SYNC","Y"," 545- 700PM","TR","WC2","","O","LI,LUSI","","25","19","1","SYNC","26-AUG-23","08-DEC-23","20","0","20"
"6","20979","CS","895","TPCS:PATTERN RECOGN & ANALYSIS","3","25","1","","SC243","A","I","R","SYNC","Y"," 545- 700PM","TR","WC5","","O","LI,LUSI","","25","19","1","SYNC","26-AUG-23","08-DEC-23","20","0","20"
"6","20980","CS","895","TPCS:PATTERN RECOGN & ANALYSIS","3","25","0","","SC243","A","I","U","SYNC","Y"," 545- 700PM","TR","WC7","","O","LI,LUSI","","25","19","1","SYNC","26-AUG-23","08-DEC-23","20","0","20"
"4","23919","CS","896","TPCS: COMP AND NUMERICAL METH","3","5","1","","","A","","N","TRAD","Y"," 420- 700PM","F","ECSB","TBA","O","RANJAN,DESH","IN","","1","1","CLAS","26-AUG-23","08-DEC-23","0","0","0"
"10","23060","CS","898","DOCTORAL RESEARCH","3","10","0","","","I","","N","ASYN","Y","HOURS ARR","","TBA","TBA","","CHERNIKOV,ANDREY","IN","","0","1","ASYN","26-AUG-23","08-DEC-23","0","0","0"
"10","23061","CS","898","DOCTORAL RESEARCH","3","10","0","","","I","","N","ASYN","Y","HOURS ARR","","TBA","TBA","","CHRISOCHOID,NICOLAOS","IN","","0","1","ASYN","26-AUG-23","08-DEC-23","0","0","0"
"8","23062","CS","898","DOCTORAL RESEARCH","3","10","2","","","I","","N","ASYN","Y","HOURS ARR","","TBA","TBA","","GANJIGUNTE ,VIKAS","IN","","2","1","ASYN","26-AUG-23","08-DEC-23","0","0","0"
"7","23063","CS","898","DOCTORAL RESEARCH","3","10","3","","","I","","N","ASYN","Y","HOURS ARR","","TBA","TBA","","HAO,SHUAI","IN","","3","1","ASYN","26-AUG-23","08-DEC-23","0","0","0"
"10","23064","CS","898","DOCTORAL RESEARCH","3","10","0","","","I","","N","ASYN","Y","HOURS ARR","","TBA","TBA","","HE,JING","IN","","0","1","ASYN","26-AUG-23","08-DEC-23","0","0","0"
"10","23065","CS","898","DOCTORAL RESEARCH","3","10","0","","","I","","N","ASYN","Y","HOURS ARR","","TBA","TBA","","HE,YI","IN","","0","1","ASYN","26-AUG-23","08-DEC-23","0","0","0"
"10","23066","CS","898","DOCTORAL RESEARCH","3","10","0","","","I","","N","ASYN","Y","HOURS ARR","","TBA","TBA","","JAYARATHNA,UKWATTA","IN","","0","1","ASYN","26-AUG-23","08-DEC-23","0","0","0"
"10","23067","CS","898","DOCTORAL RESEARCH","3","10","0","","","I","","N","ASYN","Y","HOURS ARR","","TBA","TBA","","LI,LUSI","IN","","0","1","ASYN","26-AUG-23","08-DEC-23","0","0","0"
"10","23068","CS","898","DOCTORAL RESEARCH","3","10","0","","","I","","N","ASYN","Y","HOURS ARR","","TBA","TBA","","LI,YAOHANG","IN","","0","1","ASYN","26-AUG-23","08-DEC-23","0","0","0"
"10","23069","CS","898","DOCTORAL RESEARCH","3","10","0","","","I","","N","ASYN","Y","HOURS ARR","","TBA","TBA","","MUKKAMALA,RAVI","IN","","0","1","ASYN","26-AUG-23","08-DEC-23","0","0","0"
"10","23070","CS","898","DOCTORAL RESEARCH","3","10","0","","","I","","N","ASYN","Y","HOURS ARR","","TBA","TBA","","NELSON,MICHAEL","IN","","0","1","ASYN","26-AUG-23","08-DEC-23","0","0","0"
"9","23071","CS","898","DOCTORAL RESEARCH","3","10","1","","","I","","N","ASYN","Y","HOURS ARR","","TBA","TBA","","NING,RUI","IN","","1","1","ASYN","26-AUG-23","08-DEC-23","0","0","0"
"10","23073","CS","898","DOCTORAL RESEARCH","3","10","0","","","I","","N","ASYN","Y","HOURS ARR","","TBA","TBA","","OLARIU,STEPHAN","IN","","0","1","ASYN","26-AUG-23","08-DEC-23","0","0","0"
"10","23074","CS","898","DOCTORAL RESEARCH","3","10","0","","","I","","N","ASYN","Y","HOURS ARR","","TBA","TBA","","RANJAN,DESH","IN","","0","1","ASYN","26-AUG-23","08-DEC-23","0","0","0"
"9","23075","CS","898","DOCTORAL RESEARCH","3","10","1","","","I","","N","ASYN","Y","HOURS ARR","","TBA","TBA","","SUN,JIANGWEN","IN","","1","1","ASYN","26-AUG-23","08-DEC-23","0","0","0"
"10","23076","CS","898","DOCTORAL RESEARCH","3","10","0","","","I","","N","ASYN","Y","HOURS ARR","","TBA","TBA","","WANG,FENGJIAO","IN","","0","1","ASYN","26-AUG-23","08-DEC-23","0","0","0"
"8","23078","CS","898","DOCTORAL RESEARCH","3","10","2","","","I","","N","ASYN","Y","HOURS ARR","","TBA","TBA","","WEIGLE,MICHELE","IN","","2","1","ASYN","26-AUG-23","08-DEC-23","0","0","0"
"9","23079","CS","898","DOCTORAL RESEARCH","3","10","1","","","I","","N","ASYN","Y","HOURS ARR","","TBA","TBA","","WU,JIAN","IN","","1","1","ASYN","26-AUG-23","08-DEC-23","0","0","0"
"10","23080","CS","898","DOCTORAL RESEARCH","3","10","0","","","I","","N","ASYN","Y","HOURS ARR","","TBA","TBA","","ZUBAIR,MOHAMMAD","IN","","0","1","ASYN","26-AUG-23","08-DEC-23","0","0","0"
"4","10192","CS","899","DOCTORAL DISSERTATION","3","5","1","","","I","","N","ASYN","Y","HOURS ARR","","TBA","TBA","","HE,JING","","","1","1","ASYN","26-AUG-23","08-DEC-23","0","0","0"
"19","10193","CS","899","DOCTORAL DISSERTATION","3","20","1","","","I","","N","ASYN","Y","HOURS ARR","","TBA","TBA","","NELSON,MICHAEL","","","1","1","ASYN","26-AUG-23","08-DEC-23","0","0","0"
"20","10194","CS","899","DOCTORAL DISSERTATION","3","20","0","","","I","","N","ASYN","Y","HOURS ARR","","TBA","TBA","","OLARIU,STEPHAN","","","0","1","ASYN","26-AUG-23","08-DEC-23","0","0","0"
"20","10195","CS","899","DOCTORAL DISSERTATION","3","20","0","","","I","","N","ASYN","Y","HOURS ARR","","TBA","TBA","","ZUBAIR,MOHAMMAD","","","0","1","ASYN","26-AUG-23","08-DEC-23","0","0","0"
"20","10196","CS","899","DOCTORAL DISSERTATION","6","20","0","","","I","","N","ASYN","Y","HOURS ARR","","TBA","TBA","","CHERNIKOV,ANDREY","","","0","1","ASYN","26-AUG-23","08-DEC-23","0","0","0"
"20","10197","CS","899","DOCTORAL DISSERTATION","6","20","0","","","I","","N","ASYN","Y","HOURS ARR","","TBA","TBA","","CHRISOCHOID,NICOLAOS","","","0","1","ASYN","26-AUG-23","08-DEC-23","0","0","0"
"20","10198","CS","899","DOCTORAL DISSERTATION","6","20","0","","","I","","N","ASYN","Y","HOURS ARR","","TBA","TBA","","NELSON,MICHAEL","","","0","1","ASYN","26-AUG-23","08-DEC-23","0","0","0"
"20","10199","CS","899","DOCTORAL DISSERTATION","6","20","0","","","I","","N","ASYN","Y","HOURS ARR","","TBA","TBA","","MUKKAMALA,RAVI","","","0","1","ASYN","26-AUG-23","08-DEC-23","0","0","0"
"20","10200","CS","899","DOCTORAL DISSERTATION","6","20","0","","","I","","N","ASYN","Y","HOURS ARR","","TBA","TBA","","RANJAN,DESH","","","0","1","ASYN","26-AUG-23","08-DEC-23","0","0","0"
"20","11002","CS","899","DOCTORAL DISSERTATION","3","20","0","","","I","","N","ASYN","Y","HOURS ARR","","TBA","TBA","","WEIGLE,MICHELE","","","0","1","ASYN","26-AUG-23","08-DEC-23","0","0","0"
"19","11003","CS","899","DOCTORAL DISSERTATION","6","20","1","","","I","","N","ASYN","Y","HOURS ARR","","TBA","TBA","","WEIGLE,MICHELE","","","1","1","ASYN","26-AUG-23","08-DEC-23","0","0","0"
"5","11524","CS","899","DOCTORAL DISSERTATION","1","5","0","","","I","","N","ASYN","Y","HOURS ARR","","TBA","TBA","","LI,YAOHANG","IN","","0","1","ASYN","26-AUG-23","08-DEC-23","0","0","0"
"10","11525","CS","899","DOCTORAL DISSERTATION","6","10","0","","","I","","N","ASYN","Y","HOURS ARR","","TBA","TBA","","LI,YAOHANG","","","0","1","ASYN","26-AUG-23","08-DEC-23","0","0","0"
"10","11526","CS","899","DOCTORAL DISSERTATION","3","10","0","","","I","","N","ASYN","Y","HOURS ARR","","TBA","TBA","","MUKKAMALA,RAVI","","","0","1","ASYN","26-AUG-23","08-DEC-23","0","0","0"
"5","12115","CS","899","DOCTORAL DISSERTATION","3","5","0","","","I","","N","ASYN","Y","HOURS ARR","","TBA","TBA","","RANJAN,DESH","IN","","0","1","ASYN","26-AUG-23","08-DEC-23","0","0","0"
"9","12380","CS","899","DOCTORAL DISSERTATION","1","10","1","","","I","","N","ASYN","Y","HOURS ARR","","TBA","TBA","","CHRISOCHOID,NICOLAOS","","","1","1","ASYN","26-AUG-23","08-DEC-23","0","0","0"
"4","14692","CS","899","DOCTORAL DISSERTATION","3","5","1","","","I","","N","ASYN","Y","HOURS ARR","","TBA","TBA","","NING,RUI","IN","","1","1","ASYN","26-AUG-23","08-DEC-23","0","0","0"
"5","14693","CS","899","DOCTORAL DISSERTATION","4","5","0","","","I","","N","ASYN","Y","HOURS ARR","","TBA","TBA","","OLARIU,STEPHAN","IN","","0","1","ASYN","26-AUG-23","08-DEC-23","0","0","0"
"-2","14775","CS","899","DOCTORAL DISSERTATION","1","0","2","","","I","","N","ASYN","Y","HOURS ARR","","TBA","TBA","","MUKKAMALA,RAVI","","","2","1","ASYN","26-AUG-23","08-DEC-23","0","0","0"
"5","15874","CS","899","DOCTORAL DISSERTATION","3","5","0","","","I","","N","ASYN","Y","HOURS ARR","","TBA","TBA","","CHRISOCHOID,NICOLAOS","IN","","0","1","ASYN","26-AUG-23","08-DEC-23","0","0","0"
"3","16035","CS","899","DOCTORAL DISSERTATION","1","5","2","","","I","","N","ASYN","Y","HOURS ARR","","TBA","TBA","","WU,JIAN","","","2","1","ASYN","26-AUG-23","08-DEC-23","0","0","0"
"4","16146","CS","899","DOCTORAL DISSERTATION","1","5","1","","","I","","N","ASYN","Y","HOURS ARR","","TBA","TBA","","HE,JING","","","1","1","ASYN","26-AUG-23","08-DEC-23","0","0","0"
"5","16271","CS","899","DOCTORAL DISSERTATION","3","5","0","","","I","","N","ASYN","Y","HOURS ARR","","TBA","TBA","","HAO,SHUAI","IN","","0","1","ASYN","26-AUG-23","08-DEC-23","0","0","0"
"9","16272","CS","899","DOCTORAL DISSERTATION","1","10","1","","","I","","N","ASYN","Y","HOURS ARR","","TBA","TBA","","JAYARATHNA,UKWATTA","","","1","1","ASYN","26-AUG-23","08-DEC-23","0","0","0"
"5","16273","CS","899","DOCTORAL DISSERTATION","3","5","0","","","I","","N","ASYN","Y","HOURS ARR","","TBA","TBA","","STAFF","IN","","0","1","ASYN","26-AUG-23","08-DEC-23","0","0","0"
"8","16274","CS","899","DOCTORAL DISSERTATION","1","10","2","","","I","","N","ASYN","Y","HOURS ARR","","TBA","TBA","","ZUBAIR,MOHAMMAD","","","2","1","ASYN","26-AUG-23","08-DEC-23","0","0","0"
"4","16784","CS","899","DOCTORAL DISSERTATION","1","5","1","","","I","","N","ASYN","Y","HOURS ARR","","TBA","TBA","","HAO,SHUAI","IN","","1","1","ASYN","26-AUG-23","08-DEC-23","0","0","0"
"4","16838","CS","899","DOCTORAL DISSERTATION","1","5","1","","","I","","N","ASYN","Y","HOURS ARR","","TBA","TBA","","OLARIU,STEPHAN","IN","","1","1","ASYN","26-AUG-23","08-DEC-23","0","0","0"
"4","16882","CS","899","DOCTORAL DISSERTATION","1","5","1","","","I","","N","ASYN","Y","HOURS ARR","","TBA","TBA","","RANJAN,DESH","IN","","1","1","ASYN","26-AUG-23","08-DEC-23","0","0","0"
"5","16983","CS","899","DOCTORAL DISSERTATION","6","5","0","","","I","","N","ASYN","Y","HOURS ARR","","TBA","TBA","","HE,JING","IN","","0","1","ASYN","26-AUG-23","08-DEC-23","0","0","0"
"5","17006","CS","899","DOCTORAL DISSERTATION","3","5","0","","","I","","N","ASYN","Y","HOURS ARR","","TBA","TBA","","LI,YAOHANG","IN","","0","1","ASYN","26-AUG-23","08-DEC-23","0","0","0"
"4","17007","CS","899","DOCTORAL DISSERTATION","6","5","1","","","I","","N","ASYN","Y","HOURS ARR","","TBA","TBA","","WU,JIAN","IN","","1","1","ASYN","26-AUG-23","08-DEC-23","0","0","0"
"3","17493","CS","899","DOCTORAL DISSERTATION","3","5","2","","","I","","N","ASYN","Y","HOURS ARR","","TBA","TBA","","JAYARATHNA,UKWATTA","IN","","2","1","ASYN","26-AUG-23","08-DEC-23","0","0","0"
"5","17494","CS","899","DOCTORAL DISSERTATION","3","5","0","","","I","","N","ASYN","Y","HOURS ARR","","TBA","TBA","","WU,JIAN","IN","","0","1","ASYN","26-AUG-23","08-DEC-23","0","0","0"
"4","17495","CS","899","DOCTORAL DISSERTATION","3","5","1","","","I","","N","ASYN","Y","HOURS ARR","","TBA","TBA","","SUN,JIANGWEN","IN","","1","1","ASYN","26-AUG-23","08-DEC-23","0","0","0"
"4","17905","CS","899","DOCTORAL DISSERTATION","1","5","1","","","I","","N","ASYN","Y","HOURS ARR","","TBA","TBA","","NING,RUI","IN","","1","1","ASYN","26-AUG-23","08-DEC-23","0","0","0"
"5","17920","CS","899","DOCTORAL DISSERTATION","6","5","0","","","I","","N","ASYN","Y","HOURS ARR","","TBA","TBA","","HE,JING","IN","","0","1","ASYN","26-AUG-23","08-DEC-23","0","0","0"
"4","17921","CS","899","DOCTORAL DISSERTATION","3","5","1","","","I","","N","ASYN","Y","HOURS ARR","","TBA","TBA","","CHERNIKOV,ANDREY","IN","","1","1","ASYN","26-AUG-23","08-DEC-23","0","0","0"
"5","18913","CS","899","DOCTORAL DISSERTATION","3","5","0","","","I","","N","ASYN","Y","HOURS ARR","","TBA","TBA","","SUN,JIANGWEN","IN","","0","1","ASYN","26-AUG-23","08-DEC-23","0","0","0"
"4","18914","CS","899","DOCTORAL DISSERTATION","6","5","1","","","I","","N","ASYN","Y","HOURS ARR","","TBA","TBA","","SUN,JIANGWEN","IN","","1","1","ASYN","26-AUG-23","08-DEC-23","0","0","0"
"5","20153","CS","899","DOCTORAL DISSERTATION","3","5","0","","","I","","N","ASYN","Y","HOURS ARR","","TBA","TBA","","GANJIGUNTE ,VIKAS","IN","","0","1","ASYN","26-AUG-23","08-DEC-23","0","0","0"
"4","20154","CS","899","DOCTORAL DISSERTATION","6","5","1","","","I","","N","ASYN","Y","HOURS ARR","","TBA","TBA","","GANJIGUNTE ,VIKAS","IN","","1","1","ASYN","26-AUG-23","08-DEC-23","0","0","0"
"3","20409","CS","899","DOCTORAL DISSERTATION","6","5","2","","","I","","N","ASYN","Y","HOURS ARR","","TBA","TBA","","WANG,FENGJIAO","","","2","1","ASYN","26-AUG-23","08-DEC-23","0","0","0"
"4","20431","CS","899","DOCTORAL DISSERTATION","6","5","1","","","I","","N","ASYN","Y","HOURS ARR","","TBA","TBA","","HAO,SHUAI","","","1","1","ASYN","26-AUG-23","08-DEC-23","0","0","0"
"4","20434","CS","899","DOCTORAL DISSERTATION","3","5","1","","","I","","N","ASYN","Y","HOURS ARR","","TBA","TBA","","HE,YI","IN","","1","1","ASYN","26-AUG-23","08-DEC-23","0","0","0"
"4","20439","CS","899","DOCTORAL DISSERTATION","2","5","1","","","I","","N","ASYN","Y","HOURS ARR","","TBA","TBA","","LI,LUSI","IN","","1","1","ASYN","26-AUG-23","08-DEC-23","0","0","0"
"5","20460","CS","899","DOCTORAL DISSERTATION","2","5","0","","","I","","N","ASYN","Y","HOURS ARR","","TBA","TBA","","JAYARATHNA,UKWATTA","IN","","0","1","ASYN","26-AUG-23","08-DEC-23","0","0","0"
"20","11062","CS","999","COMPUTER SCIENCE GRAD AUDIT","1","20","0","","","E","","N","ASYN","Y","HOURS ARR","","TBA","TBA","","WEIGLE,MICHELE","","","0","1","ASYN","26-AUG-23","08-DEC-23","0","0","0"," "
